timeStep,cellCode,xCell,yCell,resource1amount,resource2amount,prey1,prey2,prey1catches,prey2catches,predator1
0,0,0,0,50,50,1,2,0,0,0
0,1,0,1,50,50,4,0,0,0,0
0,2,0,2,50,50,0,0,0,0,0
0,3,0,3,50,50,1,1,0,0,0
0,4,0,4,50,50,0,0,0,0,0
0,5,0,5,50,50,0,0,0,0,0
0,6,0,6,50,50,0,0,0,0,0
0,7,0,7,50,50,0,1,0,0,0
0,8,0,8,50,50,0,0,0,0,0
0,9,0,9,50,50,0,0,0,0,0
0,10,0,10,50,50,0,0,0,0,0
0,11,0,11,50,50,1,0,0,0,0
0,12,0,12,50,50,0,0,0,0,0
0,13,0,13,50,50,0,1,0,0,0
0,14,0,14,50,50,1,0,0,0,0
0,15,0,15,50,50,0,0,0,0,0
0,16,0,16,50,50,0,0,0,0,0
0,17,0,17,50,50,0,0,0,0,0
0,18,0,18,50,50,0,0,0,0,0
0,19,0,19,50,50,0,1,0,0,0
0,20,0,20,50,50,1,1,0,0,0
0,21,0,21,50,50,0,1,0,0,0
0,22,0,22,50,50,1,0,0,0,0
0,23,0,23,50,50,0,0,0,0,0
0,24,0,24,50,50,1,0,0,0,0
0,25,1,0,50,50,0,1,0,0,0
0,26,1,1,50,50,0,1,0,0,0
0,27,1,2,50,50,0,0,0,0,0
0,28,1,3,50,50,0,0,0,0,0
0,29,1,4,50,50,0,1,0,0,0
0,30,1,5,50,50,0,0,0,0,0
0,31,1,6,50,50,0,0,0,0,0
0,32,1,7,50,50,0,2,0,0,0
0,33,1,8,50,50,0,1,0,0,0
0,34,1,9,50,50,0,1,0,0,0
0,35,1,10,50,50,0,0,0,0,0
0,36,1,11,50,50,0,0,0,0,0
0,37,1,12,50,50,0,0,0,0,0
0,38,1,13,50,50,0,0,0,0,0
0,39,1,14,50,50,1,0,0,0,0
0,40,1,15,50,50,1,0,0,0,0
0,41,1,16,50,50,0,0,0,0,0
0,42,1,17,50,50,0,0,0,0,0
0,43,1,18,50,50,0,0,0,0,0
0,44,1,19,50,50,1,0,0,0,0
0,45,1,20,50,50,0,0,0,0,0
0,46,1,21,50,50,0,0,0,0,0
0,47,1,22,50,50,0,1,0,0,0
0,48,1,23,50,50,0,1,0,0,0
0,49,1,24,50,50,1,1,0,0,0
0,50,2,0,50,50,2,0,0,0,0
0,51,2,1,50,50,1,1,0,0,0
0,52,2,2,50,50,1,0,0,0,0
0,53,2,3,50,50,1,1,0,0,0
0,54,2,4,50,50,0,0,0,0,0
0,55,2,5,50,50,0,0,0,0,0
0,56,2,6,50,50,0,0,0,0,0
0,57,2,7,50,50,0,0,0,0,0
0,58,2,8,50,50,1,0,0,0,0
0,59,2,9,50,50,1,1,0,0,0
0,60,2,10,50,50,0,0,0,0,0
0,61,2,11,50,50,1,0,0,0,0
0,62,2,12,50,50,0,0,0,0,0
0,63,2,13,50,50,0,2,0,0,0
0,64,2,14,50,50,0,0,0,0,0
0,65,2,15,50,50,0,1,0,0,0
0,66,2,16,50,50,0,1,0,0,0
0,67,2,17,50,50,1,0,0,0,0
0,68,2,18,50,50,0,0,0,0,0
0,69,2,19,50,50,0,0,0,0,0
0,70,2,20,50,50,0,0,0,0,0
0,71,2,21,50,50,0,0,0,0,0
0,72,2,22,50,50,1,1,0,0,0
0,73,2,23,50,50,1,0,0,0,0
0,74,2,24,50,50,0,0,0,0,0
0,75,3,0,50,50,0,0,0,0,0
0,76,3,1,50,50,1,0,0,0,0
0,77,3,2,50,50,0,0,0,0,0
0,78,3,3,50,50,1,1,0,0,0
0,79,3,4,50,50,1,0,0,0,0
0,80,3,5,50,50,0,0,0,0,0
0,81,3,6,50,50,0,0,0,0,0
0,82,3,7,50,50,0,0,0,0,0
0,83,3,8,50,50,0,1,0,0,0
0,84,3,9,50,50,0,0,0,0,0
0,85,3,10,50,50,0,0,0,0,0
0,86,3,11,50,50,2,0,0,0,0
0,87,3,12,50,50,0,0,0,0,0
0,88,3,13,50,50,1,0,0,0,0
0,89,3,14,50,50,0,2,0,0,0
0,90,3,15,50,50,0,0,0,0,0
0,91,3,16,50,50,2,0,0,0,0
0,92,3,17,50,50,0,0,0,0,0
0,93,3,18,50,50,0,0,0,0,0
0,94,3,19,50,50,0,0,0,0,0
0,95,3,20,50,50,0,0,0,0,0
0,96,3,21,50,50,0,0,0,0,0
0,97,3,22,50,50,0,1,0,0,0
0,98,3,23,50,50,0,1,0,0,0
0,99,3,24,50,50,1,2,0,0,0
0,100,4,0,50,50,0,0,0,0,0
0,101,4,1,50,50,0,0,0,0,0
0,102,4,2,50,50,1,2,0,0,0
0,103,4,3,50,50,1,1,0,0,0
0,104,4,4,50,50,0,1,0,0,0
0,105,4,5,50,50,0,1,0,0,0
0,106,4,6,50,50,0,0,0,0,0
0,107,4,7,50,50,0,0,0,0,0
0,108,4,8,50,50,1,1,0,0,0
0,109,4,9,50,50,0,0,0,0,0
0,110,4,10,50,50,1,0,0,0,0
0,111,4,11,50,50,0,0,0,0,0
0,112,4,12,50,50,0,1,0,0,0
0,113,4,13,50,50,0,0,0,0,0
0,114,4,14,50,50,0,0,0,0,0
0,115,4,15,50,50,1,2,0,0,0
0,116,4,16,50,50,0,0,0,0,0
0,117,4,17,50,50,0,0,0,0,0
0,118,4,18,50,50,0,0,0,0,0
0,119,4,19,50,50,0,0,0,0,0
0,120,4,20,50,50,0,0,0,0,0
0,121,4,21,50,50,0,0,0,0,0
0,122,4,22,50,50,0,0,0,0,0
0,123,4,23,50,50,1,0,0,0,0
0,124,4,24,50,50,0,0,0,0,0
0,125,5,0,50,50,1,0,0,0,0
0,126,5,1,50,50,2,1,0,0,0
0,127,5,2,50,50,1,1,0,0,0
0,128,5,3,50,50,0,0,0,0,0
0,129,5,4,50,50,2,1,0,0,0
0,130,5,5,50,50,1,0,0,0,0
0,131,5,6,50,50,1,0,0,0,0
0,132,5,7,50,50,1,0,0,0,0
0,133,5,8,50,50,0,1,0,0,0
0,134,5,9,50,50,1,0,0,0,0
0,135,5,10,50,50,3,1,0,0,0
0,136,5,11,50,50,0,0,0,0,0
0,137,5,12,50,50,0,1,0,0,0
0,138,5,13,50,50,0,0,0,0,0
0,139,5,14,50,50,0,0,0,0,0
0,140,5,15,50,50,2,0,0,0,0
0,141,5,16,50,50,0,0,0,0,0
0,142,5,17,50,50,0,1,0,0,0
0,143,5,18,50,50,0,0,0,0,0
0,144,5,19,50,50,1,0,0,0,0
0,145,5,20,50,50,0,1,0,0,0
0,146,5,21,50,50,0,0,0,0,0
0,147,5,22,50,50,0,1,0,0,0
0,148,5,23,50,50,0,1,0,0,0
0,149,5,24,50,50,0,2,0,0,0
0,150,6,0,50,50,1,0,0,0,0
0,151,6,1,50,50,0,0,0,0,0
0,152,6,2,50,50,0,1,0,0,0
0,153,6,3,50,50,1,2,0,0,0
0,154,6,4,50,50,1,0,0,0,0
0,155,6,5,50,50,0,1,0,0,0
0,156,6,6,50,50,0,0,0,0,0
0,157,6,7,50,50,2,1,0,0,0
0,158,6,8,50,50,0,1,0,0,0
0,159,6,9,50,50,1,1,0,0,0
0,160,6,10,50,50,1,0,0,0,0
0,161,6,11,50,50,0,1,0,0,0
0,162,6,12,50,50,0,0,0,0,0
0,163,6,13,50,50,1,1,0,0,0
0,164,6,14,50,50,0,3,0,0,0
0,165,6,15,50,50,0,0,0,0,0
0,166,6,16,50,50,0,1,0,0,0
0,167,6,17,50,50,0,1,0,0,0
0,168,6,18,50,50,0,0,0,0,0
0,169,6,19,50,50,1,1,0,0,0
0,170,6,20,50,50,0,0,0,0,0
0,171,6,21,50,50,1,0,0,0,0
0,172,6,22,50,50,0,1,0,0,0
0,173,6,23,50,50,0,0,0,0,0
0,174,6,24,50,50,0,2,0,0,0
0,175,7,0,50,50,0,1,0,0,0
0,176,7,1,50,50,1,1,0,0,0
0,177,7,2,50,50,2,0,0,0,0
0,178,7,3,50,50,0,0,0,0,0
0,179,7,4,50,50,0,0,0,0,0
0,180,7,5,50,50,1,1,0,0,0
0,181,7,6,50,50,0,1,0,0,0
0,182,7,7,50,50,1,1,0,0,0
0,183,7,8,50,50,0,0,0,0,0
0,184,7,9,50,50,1,0,0,0,0
0,185,7,10,50,50,0,0,0,0,0
0,186,7,11,50,50,0,0,0,0,0
0,187,7,12,50,50,1,1,0,0,0
0,188,7,13,50,50,0,0,0,0,0
0,189,7,14,50,50,0,0,0,0,0
0,190,7,15,50,50,0,0,0,0,0
0,191,7,16,50,50,2,0,0,0,0
0,192,7,17,50,50,1,3,0,0,0
0,193,7,18,50,50,2,1,0,0,0
0,194,7,19,50,50,0,0,0,0,0
0,195,7,20,50,50,1,0,0,0,0
0,196,7,21,50,50,0,0,0,0,0
0,197,7,22,50,50,0,1,0,0,0
0,198,7,23,50,50,1,0,0,0,0
0,199,7,24,50,50,0,1,0,0,0
0,200,8,0,50,50,1,0,0,0,0
0,201,8,1,50,50,0,2,0,0,0
0,202,8,2,50,50,0,0,0,0,0
0,203,8,3,50,50,0,1,0,0,0
0,204,8,4,50,50,0,2,0,0,0
0,205,8,5,50,50,0,1,0,0,0
0,206,8,6,50,50,0,0,0,0,0
0,207,8,7,50,50,0,0,0,0,0
0,208,8,8,50,50,0,0,0,0,0
0,209,8,9,50,50,0,0,0,0,0
0,210,8,10,50,50,0,0,0,0,0
0,211,8,11,50,50,0,0,0,0,0
0,212,8,12,50,50,0,1,0,0,0
0,213,8,13,50,50,0,0,0,0,0
0,214,8,14,50,50,0,0,0,0,0
0,215,8,15,50,50,0,0,0,0,0
0,216,8,16,50,50,0,0,0,0,0
0,217,8,17,50,50,0,0,0,0,0
0,218,8,18,50,50,0,0,0,0,0
0,219,8,19,50,50,0,3,0,0,0
0,220,8,20,50,50,0,2,0,0,0
0,221,8,21,50,50,0,0,0,0,0
0,222,8,22,50,50,0,0,0,0,0
0,223,8,23,50,50,1,0,0,0,0
0,224,8,24,50,50,0,0,0,0,0
0,225,9,0,50,50,0,0,0,0,0
0,226,9,1,50,50,0,2,0,0,0
0,227,9,2,50,50,1,1,0,0,0
0,228,9,3,50,50,2,0,0,0,0
0,229,9,4,50,50,0,0,0,0,0
0,230,9,5,50,50,0,1,0,0,0
0,231,9,6,50,50,0,2,0,0,0
0,232,9,7,50,50,0,0,0,0,0
0,233,9,8,50,50,0,0,0,0,0
0,234,9,9,50,50,0,0,0,0,0
0,235,9,10,50,50,0,0,0,0,0
0,236,9,11,50,50,0,0,0,0,0
0,237,9,12,50,50,1,0,0,0,0
0,238,9,13,50,50,2,0,0,0,0
0,239,9,14,50,50,0,1,0,0,0
0,240,9,15,50,50,1,0,0,0,0
0,241,9,16,50,50,0,0,0,0,0
0,242,9,17,50,50,0,0,0,0,0
0,243,9,18,50,50,1,1,0,0,0
0,244,9,19,50,50,0,1,0,0,0
0,245,9,20,50,50,0,1,0,0,0
0,246,9,21,50,50,0,2,0,0,0
0,247,9,22,50,50,0,1,0,0,0
0,248,9,23,50,50,0,0,0,0,0
0,249,9,24,50,50,1,0,0,0,0
0,250,10,0,50,50,0,0,0,0,0
0,251,10,1,50,50,1,0,0,0,0
0,252,10,2,50,50,1,0,0,0,0
0,253,10,3,50,50,1,0,0,0,0
0,254,10,4,50,50,0,0,0,0,0
0,255,10,5,50,50,0,0,0,0,0
0,256,10,6,50,50,0,1,0,0,0
0,257,10,7,50,50,0,0,0,0,0
0,258,10,8,50,50,0,1,0,0,0
0,259,10,9,50,50,0,0,0,0,0
0,260,10,10,50,50,0,0,0,0,0
0,261,10,11,50,50,0,2,0,0,0
0,262,10,12,50,50,1,0,0,0,0
0,263,10,13,50,50,1,1,0,0,0
0,264,10,14,50,50,1,1,0,0,0
0,265,10,15,50,50,1,1,0,0,0
0,266,10,16,50,50,1,0,0,0,0
0,267,10,17,50,50,0,0,0,0,0
0,268,10,18,50,50,0,1,0,0,0
0,269,10,19,50,50,0,1,0,0,0
0,270,10,20,50,50,0,1,0,0,0
0,271,10,21,50,50,0,0,0,0,0
0,272,10,22,50,50,0,0,0,0,0
0,273,10,23,50,50,1,1,0,0,0
0,274,10,24,50,50,1,0,0,0,0
0,275,11,0,50,50,1,0,0,0,0
0,276,11,1,50,50,0,0,0,0,0
0,277,11,2,50,50,0,0,0,0,0
0,278,11,3,50,50,0,0,0,0,0
0,279,11,4,50,50,0,1,0,0,0
0,280,11,5,50,50,1,1,0,0,0
0,281,11,6,50,50,1,1,0,0,0
0,282,11,7,50,50,1,1,0,0,0
0,283,11,8,50,50,1,1,0,0,0
0,284,11,9,50,50,0,0,0,0,0
0,285,11,10,50,50,2,0,0,0,0
0,286,11,11,50,50,0,0,0,0,0
0,287,11,12,50,50,0,1,0,0,0
0,288,11,13,50,50,0,0,0,0,0
0,289,11,14,50,50,0,0,0,0,0
0,290,11,15,50,50,0,0,0,0,0
0,291,11,16,50,50,0,0,0,0,0
0,292,11,17,50,50,0,0,0,0,0
0,293,11,18,50,50,1,0,0,0,0
0,294,11,19,50,50,0,0,0,0,0
0,295,11,20,50,50,3,0,0,0,0
0,296,11,21,50,50,1,1,0,0,0
0,297,11,22,50,50,0,0,0,0,0
0,298,11,23,50,50,0,1,0,0,0
0,299,11,24,50,50,0,1,0,0,0
0,300,12,0,50,50,0,0,0,0,0
0,301,12,1,50,50,0,0,0,0,0
0,302,12,2,50,50,0,0,0,0,0
0,303,12,3,50,50,1,0,0,0,0
0,304,12,4,50,50,0,1,0,0,0
0,305,12,5,50,50,1,1,0,0,0
0,306,12,6,50,50,0,0,0,0,0
0,307,12,7,50,50,1,0,0,0,0
0,308,12,8,50,50,0,1,0,0,0
0,309,12,9,50,50,0,0,0,0,0
0,310,12,10,50,50,0,0,0,0,0
0,311,12,11,50,50,0,0,0,0,0
0,312,12,12,50,50,0,1,0,0,0
0,313,12,13,50,50,0,0,0,0,0
0,314,12,14,50,50,0,0,0,0,0
0,315,12,15,50,50,0,0,0,0,0
0,316,12,16,50,50,0,0,0,0,0
0,317,12,17,50,50,1,0,0,0,0
0,318,12,18,50,50,0,0,0,0,0
0,319,12,19,50,50,0,1,0,0,0
0,320,12,20,50,50,0,0,0,0,0
0,321,12,21,50,50,0,1,0,0,0
0,322,12,22,50,50,0,0,0,0,0
0,323,12,23,50,50,0,0,0,0,0
0,324,12,24,50,50,1,0,0,0,0
0,325,13,0,50,50,0,0,0,0,0
0,326,13,1,50,50,0,1,0,0,0
0,327,13,2,50,50,0,0,0,0,0
0,328,13,3,50,50,0,0,0,0,0
0,329,13,4,50,50,0,0,0,0,0
0,330,13,5,50,50,1,0,0,0,0
0,331,13,6,50,50,0,0,0,0,0
0,332,13,7,50,50,0,0,0,0,0
0,333,13,8,50,50,1,0,0,0,0
0,334,13,9,50,50,1,0,0,0,0
0,335,13,10,50,50,0,0,0,0,0
0,336,13,11,50,50,0,0,0,0,0
0,337,13,12,50,50,0,0,0,0,0
0,338,13,13,50,50,0,0,0,0,0
0,339,13,14,50,50,1,0,0,0,0
0,340,13,15,50,50,0,0,0,0,0
0,341,13,16,50,50,0,0,0,0,0
0,342,13,17,50,50,2,0,0,0,0
0,343,13,18,50,50,0,0,0,0,0
0,344,13,19,50,50,0,0,0,0,0
0,345,13,20,50,50,0,1,0,0,0
0,346,13,21,50,50,0,1,0,0,0
0,347,13,22,50,50,0,1,0,0,0
0,348,13,23,50,50,0,0,0,0,0
0,349,13,24,50,50,0,0,0,0,0
0,350,14,0,50,50,1,0,0,0,0
0,351,14,1,50,50,0,0,0,0,0
0,352,14,2,50,50,0,1,0,0,0
0,353,14,3,50,50,0,0,0,0,0
0,354,14,4,50,50,0,1,0,0,0
0,355,14,5,50,50,0,3,0,0,0
0,356,14,6,50,50,0,1,0,0,0
0,357,14,7,50,50,2,0,0,0,0
0,358,14,8,50,50,1,0,0,0,0
0,359,14,9,50,50,1,1,0,0,0
0,360,14,10,50,50,1,0,0,0,0
0,361,14,11,50,50,0,0,0,0,0
0,362,14,12,50,50,1,3,0,0,0
0,363,14,13,50,50,2,0,0,0,0
0,364,14,14,50,50,0,3,0,0,0
0,365,14,15,50,50,0,1,0,0,0
0,366,14,16,50,50,1,1,0,0,0
0,367,14,17,50,50,0,0,0,0,0
0,368,14,18,50,50,0,2,0,0,0
0,369,14,19,50,50,1,0,0,0,0
0,370,14,20,50,50,0,2,0,0,0
0,371,14,21,50,50,0,0,0,0,0
0,372,14,22,50,50,0,1,0,0,0
0,373,14,23,50,50,2,0,0,0,0
0,374,14,24,50,50,0,0,0,0,0
0,375,15,0,50,50,0,0,0,0,0
0,376,15,1,50,50,1,1,0,0,0
0,377,15,2,50,50,2,0,0,0,0
0,378,15,3,50,50,1,0,0,0,0
0,379,15,4,50,50,0,0,0,0,0
0,380,15,5,50,50,2,2,0,0,0
0,381,15,6,50,50,0,0,0,0,0
0,382,15,7,50,50,0,0,0,0,0
0,383,15,8,50,50,1,1,0,0,0
0,384,15,9,50,50,0,0,0,0,0
0,385,15,10,50,50,0,0,0,0,0
0,386,15,11,50,50,1,0,0,0,0
0,387,15,12,50,50,1,1,0,0,0
0,388,15,13,50,50,0,0,0,0,0
0,389,15,14,50,50,0,0,0,0,0
0,390,15,15,50,50,0,0,0,0,0
0,391,15,16,50,50,2,0,0,0,0
0,392,15,17,50,50,0,0,0,0,0
0,393,15,18,50,50,0,0,0,0,0
0,394,15,19,50,50,1,1,0,0,0
0,395,15,20,50,50,0,1,0,0,0
0,396,15,21,50,50,0,1,0,0,0
0,397,15,22,50,50,0,1,0,0,0
0,398,15,23,50,50,0,0,0,0,0
0,399,15,24,50,50,0,0,0,0,0
0,400,16,0,50,50,0,0,0,0,0
0,401,16,1,50,50,1,0,0,0,0
0,402,16,2,50,50,0,0,0,0,0
0,403,16,3,50,50,1,0,0,0,0
0,404,16,4,50,50,1,1,0,0,0
0,405,16,5,50,50,0,0,0,0,0
0,406,16,6,50,50,0,2,0,0,0
0,407,16,7,50,50,1,1,0,0,0
0,408,16,8,50,50,0,0,0,0,0
0,409,16,9,50,50,0,0,0,0,0
0,410,16,10,50,50,0,0,0,0,0
0,411,16,11,50,50,0,0,0,0,0
0,412,16,12,50,50,0,0,0,0,0
0,413,16,13,50,50,0,0,0,0,0
0,414,16,14,50,50,0,0,0,0,0
0,415,16,15,50,50,0,1,0,0,0
0,416,16,16,50,50,0,0,0,0,0
0,417,16,17,50,50,0,0,0,0,0
0,418,16,18,50,50,0,1,0,0,0
0,419,16,19,50,50,0,0,0,0,0
0,420,16,20,50,50,0,0,0,0,0
0,421,16,21,50,50,0,0,0,0,0
0,422,16,22,50,50,1,1,0,0,0
0,423,16,23,50,50,1,1,0,0,0
0,424,16,24,50,50,0,0,0,0,0
0,425,17,0,50,50,0,0,0,0,0
0,426,17,1,50,50,1,0,0,0,0
0,427,17,2,50,50,0,0,0,0,0
0,428,17,3,50,50,0,0,0,0,0
0,429,17,4,50,50,0,0,0,0,0
0,430,17,5,50,50,0,1,0,0,0
0,431,17,6,50,50,0,0,0,0,0
0,432,17,7,50,50,1,0,0,0,0
0,433,17,8,50,50,0,0,0,0,0
0,434,17,9,50,50,0,0,0,0,0
0,435,17,10,50,50,1,0,0,0,0
0,436,17,11,50,50,1,0,0,0,0
0,437,17,12,50,50,0,0,0,0,0
0,438,17,13,50,50,1,0,0,0,0
0,439,17,14,50,50,0,1,0,0,0
0,440,17,15,50,50,0,0,0,0,0
0,441,17,16,50,50,1,1,0,0,0
0,442,17,17,50,50,2,0,0,0,0
0,443,17,18,50,50,0,0,0,0,0
0,444,17,19,50,50,3,0,0,0,0
0,445,17,20,50,50,0,0,0,0,0
0,446,17,21,50,50,0,1,0,0,0
0,447,17,22,50,50,0,0,0,0,0
0,448,17,23,50,50,0,0,0,0,0
0,449,17,24,50,50,0,0,0,0,0
0,450,18,0,50,50,0,1,0,0,0
0,451,18,1,50,50,0,1,0,0,0
0,452,18,2,50,50,1,1,0,0,0
0,453,18,3,50,50,0,0,0,0,0
0,454,18,4,50,50,0,0,0,0,0
0,455,18,5,50,50,0,1,0,0,0
0,456,18,6,50,50,0,1,0,0,0
0,457,18,7,50,50,1,0,0,0,0
0,458,18,8,50,50,0,0,0,0,0
0,459,18,9,50,50,1,1,0,0,0
0,460,18,10,50,50,0,0,0,0,0
0,461,18,11,50,50,0,0,0,0,0
0,462,18,12,50,50,0,0,0,0,0
0,463,18,13,50,50,0,0,0,0,0
0,464,18,14,50,50,0,1,0,0,0
0,465,18,15,50,50,0,1,0,0,0
0,466,18,16,50,50,0,1,0,0,0
0,467,18,17,50,50,0,0,0,0,0
0,468,18,18,50,50,0,0,0,0,0
0,469,18,19,50,50,1,0,0,0,0
0,470,18,20,50,50,0,0,0,0,0
0,471,18,21,50,50,1,0,0,0,0
0,472,18,22,50,50,0,0,0,0,0
0,473,18,23,50,50,1,0,0,0,0
0,474,18,24,50,50,1,0,0,0,0
0,475,19,0,50,50,0,1,0,0,0
0,476,19,1,50,50,1,0,0,0,0
0,477,19,2,50,50,0,0,0,0,0
0,478,19,3,50,50,0,0,0,0,0
0,479,19,4,50,50,0,0,0,0,0
0,480,19,5,50,50,3,0,0,0,0
0,481,19,6,50,50,0,1,0,0,0
0,482,19,7,50,50,0,0,0,0,0
0,483,19,8,50,50,0,0,0,0,0
0,484,19,9,50,50,0,1,0,0,0
0,485,19,10,50,50,0,2,0,0,0
0,486,19,11,50,50,0,1,0,0,0
0,487,19,12,50,50,2,0,0,0,0
0,488,19,13,50,50,1,1,0,0,0
0,489,19,14,50,50,0,0,0,0,0
0,490,19,15,50,50,0,1,0,0,0
0,491,19,16,50,50,0,0,0,0,0
0,492,19,17,50,50,1,1,0,0,0
0,493,19,18,50,50,1,0,0,0,0
0,494,19,19,50,50,0,0,0,0,0
0,495,19,20,50,50,0,1,0,0,0
0,496,19,21,50,50,0,1,0,0,0
0,497,19,22,50,50,0,2,0,0,0
0,498,19,23,50,50,0,2,0,0,0
0,499,19,24,50,50,1,0,0,0,0
0,500,20,0,50,50,0,0,0,0,0
0,501,20,1,50,50,0,1,0,0,0
0,502,20,2,50,50,0,0,0,0,0
0,503,20,3,50,50,0,0,0,0,0
0,504,20,4,50,50,1,0,0,0,0
0,505,20,5,50,50,1,1,0,0,0
0,506,20,6,50,50,0,1,0,0,0
0,507,20,7,50,50,0,0,0,0,0
0,508,20,8,50,50,1,0,0,0,0
0,509,20,9,50,50,2,1,0,0,0
0,510,20,10,50,50,1,0,0,0,0
0,511,20,11,50,50,0,0,0,0,0
0,512,20,12,50,50,0,1,0,0,0
0,513,20,13,50,50,1,0,0,0,0
0,514,20,14,50,50,1,2,0,0,0
0,515,20,15,50,50,1,0,0,0,0
0,516,20,16,50,50,1,0,0,0,0
0,517,20,17,50,50,0,0,0,0,0
0,518,20,18,50,50,0,1,0,0,0
0,519,20,19,50,50,3,0,0,0,0
0,520,20,20,50,50,3,0,0,0,0
0,521,20,21,50,50,0,0,0,0,0
0,522,20,22,50,50,0,0,0,0,0
0,523,20,23,50,50,2,0,0,0,0
0,524,20,24,50,50,1,0,0,0,0
0,525,21,0,50,50,0,1,0,0,0
0,526,21,1,50,50,0,0,0,0,0
0,527,21,2,50,50,1,0,0,0,0
0,528,21,3,50,50,0,0,0,0,0
0,529,21,4,50,50,1,0,0,0,0
0,530,21,5,50,50,1,0,0,0,0
0,531,21,6,50,50,2,0,0,0,0
0,532,21,7,50,50,1,0,0,0,0
0,533,21,8,50,50,0,0,0,0,0
0,534,21,9,50,50,1,0,0,0,0
0,535,21,10,50,50,1,1,0,0,0
0,536,21,11,50,50,0,1,0,0,0
0,537,21,12,50,50,0,0,0,0,0
0,538,21,13,50,50,0,1,0,0,0
0,539,21,14,50,50,0,0,0,0,0
0,540,21,15,50,50,2,1,0,0,0
0,541,21,16,50,50,0,0,0,0,0
0,542,21,17,50,50,0,0,0,0,0
0,543,21,18,50,50,0,0,0,0,0
0,544,21,19,50,50,0,0,0,0,0
0,545,21,20,50,50,0,0,0,0,0
0,546,21,21,50,50,0,1,0,0,0
0,547,21,22,50,50,1,0,0,0,0
0,548,21,23,50,50,0,1,0,0,0
0,549,21,24,50,50,0,1,0,0,0
0,550,22,0,50,50,1,0,0,0,0
0,551,22,1,50,50,0,0,0,0,0
0,552,22,2,50,50,0,1,0,0,0
0,553,22,3,50,50,0,0,0,0,0
0,554,22,4,50,50,1,0,0,0,0
0,555,22,5,50,50,1,0,0,0,0
0,556,22,6,50,50,1,1,0,0,0
0,557,22,7,50,50,0,0,0,0,0
0,558,22,8,50,50,0,1,0,0,0
0,559,22,9,50,50,0,1,0,0,0
0,560,22,10,50,50,1,1,0,0,0
0,561,22,11,50,50,0,1,0,0,0
0,562,22,12,50,50,0,1,0,0,0
0,563,22,13,50,50,1,0,0,0,0
0,564,22,14,50,50,1,0,0,0,0
0,565,22,15,50,50,1,0,0,0,0
0,566,22,16,50,50,1,0,0,0,0
0,567,22,17,50,50,0,0,0,0,0
0,568,22,18,50,50,0,1,0,0,0
0,569,22,19,50,50,1,0,0,0,0
0,570,22,20,50,50,1,1,0,0,0
0,571,22,21,50,50,1,1,0,0,0
0,572,22,22,50,50,0,0,0,0,0
0,573,22,23,50,50,0,0,0,0,0
0,574,22,24,50,50,0,0,0,0,0
0,575,23,0,50,50,0,0,0,0,0
0,576,23,1,50,50,0,1,0,0,0
0,577,23,2,50,50,1,0,0,0,0
0,578,23,3,50,50,0,0,0,0,0
0,579,23,4,50,50,0,0,0,0,0
0,580,23,5,50,50,0,1,0,0,0
0,581,23,6,50,50,0,2,0,0,0
0,582,23,7,50,50,0,4,0,0,0
0,583,23,8,50,50,0,2,0,0,0
0,584,23,9,50,50,1,0,0,0,0
0,585,23,10,50,50,0,0,0,0,0
0,586,23,11,50,50,1,0,0,0,0
0,587,23,12,50,50,2,0,0,0,0
0,588,23,13,50,50,0,0,0,0,0
0,589,23,14,50,50,0,0,0,0,0
0,590,23,15,50,50,0,0,0,0,0
0,591,23,16,50,50,0,0,0,0,0
0,592,23,17,50,50,1,0,0,0,0
0,593,23,18,50,50,1,0,0,0,0
0,594,23,19,50,50,0,0,0,0,0
0,595,23,20,50,50,1,0,0,0,0
0,596,23,21,50,50,0,0,0,0,0
0,597,23,22,50,50,0,0,0,0,0
0,598,23,23,50,50,0,0,0,0,0
0,599,23,24,50,50,0,1,0,0,0
0,600,24,0,50,50,2,2,0,0,0
0,601,24,1,50,50,0,1,0,0,0
0,602,24,2,50,50,0,0,0,0,0
0,603,24,3,50,50,0,0,0,0,0
0,604,24,4,50,50,1,0,0,0,0
0,605,24,5,50,50,1,0,0,0,0
0,606,24,6,50,50,1,1,0,0,0
0,607,24,7,50,50,1,0,0,0,0
0,608,24,8,50,50,2,0,0,0,0
0,609,24,9,50,50,2,0,0,0,0
0,610,24,10,50,50,0,0,0,0,0
0,611,24,11,50,50,0,1,0,0,0
0,612,24,12,50,50,0,0,0,0,0
0,613,24,13,50,50,0,0,0,0,0
0,614,24,14,50,50,0,0,0,0,0
0,615,24,15,50,50,0,0,0,0,0
0,616,24,16,50,50,0,0,0,0,0
0,617,24,17,50,50,1,0,0,0,0
0,618,24,18,50,50,0,0,0,0,0
0,619,24,19,50,50,0,0,0,0,0
0,620,24,20,50,50,0,0,0,0,0
0,621,24,21,50,50,3,0,0,0,0
0,622,24,22,50,50,1,0,0,0,0
0,623,24,23,50,50,1,1,0,0,0
0,624,24,24,50,50,0,2,0,0,0
100,0,0,0,0,0,0,2,0,0,0
100,1,0,1,0,0,3,3,0,0,0
100,2,0,2,0,0,0,6,0,0,0
100,3,0,3,0,0,1,1,0,0,0
100,4,0,4,0,4,1,1,0,0,0
100,5,0,5,0,0,0,0,0,0,0
100,6,0,6,1,8,1,0,0,0,0
100,7,0,7,0,0,1,0,0,0,0
100,8,0,8,0,0,1,0,0,0,0
100,9,0,9,0,0,1,0,0,0,0
100,10,0,10,0,0,0,1,0,0,0
100,11,0,11,0,0,6,2,0,0,0
100,12,0,12,0,0,1,0,0,0,0
100,13,0,13,0,0,0,2,0,0,0
100,14,0,14,0,0,1,1,0,0,0
100,15,0,15,0,0,5,0,0,0,0
100,16,0,16,8,0,0,2,0,0,0
100,17,0,17,1,0,1,1,0,0,0
100,18,0,18,1,0,0,1,0,0,0
100,19,0,19,5,0,0,1,0,0,0
100,20,0,20,0,0,0,0,0,0,0
100,21,0,21,5,0,0,1,0,0,0
100,22,0,22,3,13,2,0,0,0,0
100,23,0,23,34,0,1,1,0,0,0
100,24,0,24,8,0,1,2,0,0,0
100,25,1,0,0,0,4,4,0,0,0
100,26,1,1,0,2,4,2,0,0,0
100,27,1,2,0,2,1,0,0,0,0
100,28,1,3,8,0,0,0,0,0,0
100,29,1,4,0,0,1,2,0,0,0
100,30,1,5,21,2,0,1,0,0,0
100,31,1,6,0,0,0,1,0,0,0
100,32,1,7,0,24,0,0,0,0,0
100,33,1,8,24,1,0,0,0,0,0
100,34,1,9,0,4,5,0,0,0,0
100,35,1,10,0,8,3,2,0,0,0
100,36,1,11,0,1,2,0,0,0,0
100,37,1,12,0,0,1,3,0,0,0
100,38,1,13,7,0,0,0,0,0,0
100,39,1,14,3,21,4,1,0,0,0
100,40,1,15,2,0,0,0,0,0,0
100,41,1,16,35,4,1,0,0,0,0
100,42,1,17,9,15,0,1,0,0,0
100,43,1,18,1,9,0,2,0,0,0
100,44,1,19,0,0,1,1,0,0,0
100,45,1,20,10,3,1,2,0,0,0
100,46,1,21,0,0,0,3,0,0,0
100,47,1,22,2,0,0,0,0,0,0
100,48,1,23,0,0,1,1,0,0,0
100,49,1,24,0,0,2,2,0,0,0
100,50,2,0,0,0,0,3,0,0,0
100,51,2,1,0,0,0,4,0,0,0
100,52,2,2,2,27,1,0,0,0,0
100,53,2,3,1,7,0,6,0,0,0
100,54,2,4,0,0,0,1,0,0,0
100,55,2,5,3,0,3,0,0,0,0
100,56,2,6,0,0,0,0,0,0,0
100,57,2,7,0,0,2,1,0,0,0
100,58,2,8,0,26,0,0,0,0,0
100,59,2,9,0,0,0,2,0,0,0
100,60,2,10,0,7,1,1,0,0,0
100,61,2,11,0,0,0,1,0,0,0
100,62,2,12,1,4,0,0,0,0,0
100,63,2,13,25,0,0,1,0,0,0
100,64,2,14,0,0,2,0,0,0,0
100,65,2,15,1,0,1,0,0,0,0
100,66,2,16,5,4,0,1,0,0,0
100,67,2,17,0,5,1,0,0,0,0
100,68,2,18,0,0,0,1,0,0,0
100,69,2,19,1,1,0,0,0,0,0
100,70,2,20,0,0,0,2,0,0,0
100,71,2,21,32,6,0,0,0,0,0
100,72,2,22,0,1,0,0,0,0,0
100,73,2,23,0,14,0,2,0,0,0
100,74,2,24,0,0,3,0,0,0,0
100,75,3,0,21,0,0,0,0,0,0
100,76,3,1,0,0,0,1,0,0,0
100,77,3,2,0,0,2,0,0,0,0
100,78,3,3,16,0,0,0,0,0,0
100,79,3,4,0,0,0,1,0,0,0
100,80,3,5,0,0,0,0,0,0,0
100,81,3,6,0,0,0,0,0,0,0
100,82,3,7,0,0,1,0,0,0,0
100,83,3,8,7,0,1,0,0,0,0
100,84,3,9,0,0,2,1,0,0,0
100,85,3,10,3,4,2,0,0,0,0
100,86,3,11,0,1,1,1,0,0,0
100,87,3,12,1,0,0,1,0,0,0
100,88,3,13,41,1,0,2,0,0,0
100,89,3,14,9,7,0,2,0,0,0
100,90,3,15,4,0,7,1,0,0,0
100,91,3,16,1,0,0,0,0,0,0
100,92,3,17,17,0,1,0,0,0,0
100,93,3,18,18,0,1,2,0,0,0
100,94,3,19,0,0,4,1,0,0,0
100,95,3,20,30,32,0,0,0,0,0
100,96,3,21,1,1,0,2,0,0,0
100,97,3,22,6,0,0,1,0,0,0
100,98,3,23,0,0,0,2,0,0,0
100,99,3,24,30,0,2,0,0,0,0
100,100,4,0,0,0,1,1,0,0,0
100,101,4,1,24,0,0,1,0,0,0
100,102,4,2,0,4,1,1,0,0,0
100,103,4,3,0,0,1,1,0,0,0
100,104,4,4,0,4,0,2,0,0,0
100,105,4,5,1,6,1,0,0,0,0
100,106,4,6,1,0,0,1,0,0,0
100,107,4,7,0,0,1,1,0,0,0
100,108,4,8,6,0,0,1,0,0,0
100,109,4,9,42,0,1,0,0,0,0
100,110,4,10,0,1,0,2,0,0,0
100,111,4,11,12,0,5,0,0,0,0
100,112,4,12,0,4,0,1,0,0,0
100,113,4,13,47,0,0,2,0,0,0
100,114,4,14,0,17,6,0,0,0,0
100,115,4,15,19,0,1,1,0,0,0
100,116,4,16,0,16,1,1,0,0,0
100,117,4,17,26,24,1,0,0,0,0
100,118,4,18,10,0,0,0,0,0,0
100,119,4,19,1,5,0,0,0,0,0
100,120,4,20,0,0,2,0,0,0,0
100,121,4,21,0,2,1,0,0,0,0
100,122,4,22,3,15,0,0,0,0,0
100,123,4,23,4,7,0,2,0,0,0
100,124,4,24,0,0,1,2,0,0,0
100,125,5,0,0,0,0,2,0,0,0
100,126,5,1,0,1,6,0,0,0,0
100,127,5,2,0,0,0,0,0,0,0
100,128,5,3,7,0,1,0,0,0,0
100,129,5,4,0,5,2,0,0,0,0
100,130,5,5,0,0,1,1,0,0,0
100,131,5,6,0,0,1,4,0,0,0
100,132,5,7,5,0,3,2,0,0,0
100,133,5,8,0,0,0,1,0,0,0
100,134,5,9,0,0,0,2,0,0,0
100,135,5,10,13,21,0,0,0,0,0
100,136,5,11,9,0,0,0,0,0,0
100,137,5,12,5,0,2,0,0,0,0
100,138,5,13,11,0,0,1,0,0,0
100,139,5,14,1,0,0,1,0,0,0
100,140,5,15,0,0,2,1,0,0,0
100,141,5,16,0,0,2,0,0,0,0
100,142,5,17,0,0,0,2,0,0,0
100,143,5,18,0,1,1,1,0,0,0
100,144,5,19,16,0,1,2,0,0,0
100,145,5,20,1,0,2,2,0,0,0
100,146,5,21,20,0,0,1,0,0,0
100,147,5,22,1,33,0,0,0,0,0
100,148,5,23,13,0,0,1,0,0,0
100,149,5,24,2,14,3,0,0,0,0
100,150,6,0,0,0,3,0,0,0,0
100,151,6,1,1,0,0,3,0,0,0
100,152,6,2,0,1,0,1,0,0,0
100,153,6,3,0,0,1,0,0,0,0
100,154,6,4,0,0,1,2,0,0,0
100,155,6,5,0,5,3,0,0,0,0
100,156,6,6,0,0,0,1,0,0,0
100,157,6,7,0,12,1,1,0,0,0
100,158,6,8,4,0,1,2,0,0,0
100,159,6,9,2,0,1,0,0,0,0
100,160,6,10,2,9,0,0,0,0,0
100,161,6,11,0,1,3,3,0,0,0
100,162,6,12,0,19,2,0,0,0,0
100,163,6,13,20,18,0,0,0,0,0
100,164,6,14,0,1,1,1,0,0,0
100,165,6,15,28,8,1,0,0,0,0
100,166,6,16,0,0,3,4,0,0,0
100,167,6,17,36,0,0,0,0,0,0
100,168,6,18,2,26,0,0,0,0,0
100,169,6,19,0,7,2,1,0,0,0
100,170,6,20,1,1,0,0,0,0,0
100,171,6,21,17,0,0,2,0,0,0
100,172,6,22,4,18,0,1,0,0,0
100,173,6,23,1,1,0,0,0,0,0
100,174,6,24,2,10,0,0,0,0,0
100,175,7,0,0,0,2,0,0,0,0
100,176,7,1,12,3,0,1,0,0,0
100,177,7,2,0,0,3,1,0,0,0
100,178,7,3,0,4,1,2,0,0,0
100,179,7,4,1,0,1,1,0,0,0
100,180,7,5,0,0,0,0,0,0,0
100,181,7,6,0,0,0,0,0,0,0
100,182,7,7,0,13,1,0,0,0,0
100,183,7,8,0,0,0,2,0,0,0
100,184,7,9,6,0,1,1,0,0,0
100,185,7,10,0,2,1,3,0,0,0
100,186,7,11,7,28,0,0,0,0,0
100,187,7,12,0,0,1,1,0,0,0
100,188,7,13,12,33,1,0,0,0,0
100,189,7,14,0,0,1,2,0,0,0
100,190,7,15,5,1,0,0,0,0,0
100,191,7,16,23,0,0,2,0,0,0
100,192,7,17,1,0,1,1,0,0,0
100,193,7,18,9,0,0,1,0,0,0
100,194,7,19,0,27,4,0,0,0,0
100,195,7,20,0,0,0,0,0,0,0
100,196,7,21,0,6,0,1,0,0,0
100,197,7,22,0,26,1,0,0,0,0
100,198,7,23,1,4,0,0,0,0,0
100,199,7,24,17,23,2,0,0,0,0
100,200,8,0,0,0,1,0,0,0,0
100,201,8,1,2,0,0,2,0,0,0
100,202,8,2,0,5,1,1,0,0,0
100,203,8,3,0,0,3,1,0,0,0
100,204,8,4,0,0,1,0,0,0,0
100,205,8,5,0,0,1,2,0,0,0
100,206,8,6,8,1,1,0,0,0,0
100,207,8,7,5,9,1,1,0,0,0
100,208,8,8,0,0,0,1,0,0,0
100,209,8,9,0,8,4,1,0,0,0
100,210,8,10,0,2,1,1,0,0,0
100,211,8,11,4,11,1,1,0,0,0
100,212,8,12,0,1,0,0,0,0,0
100,213,8,13,0,3,0,0,0,0,0
100,214,8,14,21,0,0,0,0,0,0
100,215,8,15,1,0,1,0,0,0,0
100,216,8,16,3,0,0,1,0,0,0
100,217,8,17,1,4,0,1,0,0,0
100,218,8,18,12,0,0,1,0,0,0
100,219,8,19,11,11,0,1,0,0,0
100,220,8,20,6,5,0,0,0,0,0
100,221,8,21,0,19,0,0,0,0,0
100,222,8,22,34,12,0,0,0,0,0
100,223,8,23,14,0,1,0,0,0,0
100,224,8,24,11,0,1,1,0,0,0
100,225,9,0,0,0,1,2,0,0,0
100,226,9,1,32,19,0,1,0,0,0
100,227,9,2,0,0,2,1,0,0,0
100,228,9,3,3,11,1,1,0,0,0
100,229,9,4,0,0,2,1,0,0,0
100,230,9,5,0,0,2,0,0,0,0
100,231,9,6,0,0,0,1,0,0,0
100,232,9,7,0,0,1,2,0,0,0
100,233,9,8,0,2,1,2,0,0,0
100,234,9,9,3,1,1,4,0,0,0
100,235,9,10,5,20,1,0,0,0,0
100,236,9,11,0,11,1,1,0,0,0
100,237,9,12,29,9,0,0,0,0,0
100,238,9,13,0,17,0,0,0,0,0
100,239,9,14,22,21,1,2,0,0,0
100,240,9,15,4,6,1,0,0,0,0
100,241,9,16,0,1,2,0,0,0,0
100,242,9,17,4,5,0,1,0,0,0
100,243,9,18,31,0,2,0,0,0,0
100,244,9,19,26,0,0,0,0,0,0
100,245,9,20,0,1,1,1,0,0,0
100,246,9,21,5,16,0,0,0,0,0
100,247,9,22,14,0,2,0,0,0,0
100,248,9,23,1,9,1,1,0,0,0
100,249,9,24,0,0,0,0,0,0,0
100,250,10,0,0,3,0,0,0,0,0
100,251,10,1,0,0,3,0,0,0,0
100,252,10,2,0,3,0,1,0,0,0
100,253,10,3,0,2,3,1,0,0,0
100,254,10,4,0,0,1,0,0,0,0
100,255,10,5,6,1,0,0,0,0,0
100,256,10,6,0,0,2,1,0,0,0
100,257,10,7,1,0,0,1,0,0,0
100,258,10,8,0,0,0,1,0,0,0
100,259,10,9,7,0,0,0,0,0,0
100,260,10,10,0,9,0,1,0,0,0
100,261,10,11,2,0,0,0,0,0,0
100,262,10,12,2,2,0,2,0,0,0
100,263,10,13,5,0,0,2,0,0,0
100,264,10,14,6,17,0,1,0,0,0
100,265,10,15,0,15,1,0,0,0,0
100,266,10,16,30,5,0,2,0,0,0
100,267,10,17,1,1,1,0,0,0,0
100,268,10,18,24,9,0,0,0,0,0
100,269,10,19,0,0,0,1,0,0,0
100,270,10,20,38,2,0,0,0,0,0
100,271,10,21,2,0,0,2,0,0,0
100,272,10,22,32,2,0,0,0,0,0
100,273,10,23,5,45,2,1,0,0,0
100,274,10,24,40,1,1,1,0,0,0
100,275,11,0,0,2,1,0,0,0,0
100,276,11,1,1,0,1,0,0,0,0
100,277,11,2,3,0,1,1,0,0,0
100,278,11,3,0,0,1,0,0,0,0
100,279,11,4,0,0,0,0,0,0,0
100,280,11,5,1,23,1,0,0,0,0
100,281,11,6,1,1,1,1,0,0,0
100,282,11,7,0,5,4,3,0,0,0
100,283,11,8,0,13,1,0,0,0,0
100,284,11,9,0,0,1,0,0,0,0
100,285,11,10,9,0,1,2,0,0,0
100,286,11,11,2,4,1,2,0,0,0
100,287,11,12,2,15,2,2,0,0,0
100,288,11,13,17,1,1,4,0,0,0
100,289,11,14,0,26,1,0,0,0,0
100,290,11,15,11,0,0,0,0,0,0
100,291,11,16,4,0,2,2,0,0,0
100,292,11,17,2,0,2,4,0,0,0
100,293,11,18,34,0,1,0,0,0,0
100,294,11,19,7,2,2,0,0,0,0
100,295,11,20,0,1,1,1,0,0,0
100,296,11,21,14,0,2,0,0,0,0
100,297,11,22,5,0,1,4,0,0,0
100,298,11,23,31,0,0,1,0,0,0
100,299,11,24,0,35,1,0,0,0,0
100,300,12,0,0,0,1,3,0,0,0
100,301,12,1,0,1,3,2,0,0,0
100,302,12,2,4,0,0,4,0,0,0
100,303,12,3,0,1,1,0,0,0,0
100,304,12,4,0,0,0,1,0,0,0
100,305,12,5,0,0,0,1,0,0,0
100,306,12,6,5,4,2,2,0,0,0
100,307,12,7,4,6,0,1,0,0,0
100,308,12,8,0,13,2,0,0,0,0
100,309,12,9,0,0,0,0,0,0,0
100,310,12,10,1,10,1,1,0,0,0
100,311,12,11,23,14,0,1,0,0,0
100,312,12,12,0,0,1,2,0,0,0
100,313,12,13,0,0,0,0,0,0,0
100,314,12,14,38,5,1,0,0,0,0
100,315,12,15,0,0,2,1,0,0,0
100,316,12,16,14,0,0,1,0,0,0
100,317,12,17,0,3,1,0,0,0,0
100,318,12,18,0,2,0,2,0,0,0
100,319,12,19,9,2,0,0,0,0,0
100,320,12,20,31,3,1,0,0,0,0
100,321,12,21,3,27,2,1,0,0,0
100,322,12,22,0,3,0,1,0,0,0
100,323,12,23,33,22,0,0,0,0,0
100,324,12,24,1,0,0,1,0,0,0
100,325,13,0,0,0,2,2,0,0,0
100,326,13,1,2,0,0,1,0,0,0
100,327,13,2,0,0,1,0,0,0,0
100,328,13,3,0,0,2,2,0,0,0
100,329,13,4,1,0,1,3,0,0,0
100,330,13,5,0,4,0,0,0,0,0
100,331,13,6,1,0,1,1,0,0,0
100,332,13,7,0,0,1,3,0,0,0
100,333,13,8,2,0,0,1,0,0,0
100,334,13,9,0,0,1,3,0,0,0
100,335,13,10,12,0,2,0,0,0,0
100,336,13,11,28,1,0,1,0,0,0
100,337,13,12,0,0,0,1,0,0,0
100,338,13,13,33,8,0,2,0,0,0
100,339,13,14,0,0,0,0,0,0,0
100,340,13,15,25,16,0,1,0,0,0
100,341,13,16,15,3,1,0,0,0,0
100,342,13,17,7,0,3,2,0,0,0
100,343,13,18,16,8,0,0,0,0,0
100,344,13,19,0,10,0,0,0,0,0
100,345,13,20,9,12,0,0,0,0,0
100,346,13,21,25,0,0,1,0,0,0
100,347,13,22,9,34,0,0,0,0,0
100,348,13,23,30,24,1,1,0,0,0
100,349,13,24,26,7,0,1,0,0,0
100,350,14,0,0,0,2,1,0,0,0
100,351,14,1,1,2,1,0,0,0,0
100,352,14,2,0,27,1,0,0,0,0
100,353,14,3,0,0,0,4,0,0,0
100,354,14,4,0,45,0,0,0,0,0
100,355,14,5,7,1,0,0,0,0,0
100,356,14,6,0,0,2,2,0,0,0
100,357,14,7,33,35,0,0,0,0,0
100,358,14,8,22,0,0,0,0,0,0
100,359,14,9,0,2,0,0,0,0,0
100,360,14,10,3,0,0,1,0,0,0
100,361,14,11,0,4,0,1,0,0,0
100,362,14,12,0,0,0,0,0,0,0
100,363,14,13,0,16,0,0,0,0,0
100,364,14,14,7,1,1,0,0,0,0
100,365,14,15,0,0,1,0,0,0,0
100,366,14,16,0,13,2,0,0,0,0
100,367,14,17,0,8,0,1,0,0,0
100,368,14,18,1,6,0,0,0,0,0
100,369,14,19,6,15,0,0,0,0,0
100,370,14,20,16,0,0,3,0,0,0
100,371,14,21,41,0,0,1,0,0,0
100,372,14,22,31,17,0,1,0,0,0
100,373,14,23,5,19,0,0,0,0,0
100,374,14,24,3,14,0,1,0,0,0
100,375,15,0,1,0,1,0,0,0,0
100,376,15,1,0,1,1,0,0,0,0
100,377,15,2,1,0,0,0,0,0,0
100,378,15,3,32,0,2,0,0,0,0
100,379,15,4,24,1,0,1,0,0,0
100,380,15,5,0,0,0,0,0,0,0
100,381,15,6,0,1,1,0,0,0,0
100,382,15,7,46,2,0,1,0,0,0
100,383,15,8,14,26,5,0,0,0,0
100,384,15,9,17,22,0,0,0,0,0
100,385,15,10,13,36,0,0,0,0,0
100,386,15,11,1,31,0,0,0,0,0
100,387,15,12,1,42,0,0,0,0,0
100,388,15,13,0,21,1,0,0,0,0
100,389,15,14,2,0,0,0,0,0,0
100,390,15,15,2,23,0,1,0,0,0
100,391,15,16,0,4,1,2,0,0,0
100,392,15,17,2,0,0,1,0,0,0
100,393,15,18,29,2,0,0,0,0,0
100,394,15,19,29,0,0,1,0,0,0
100,395,15,20,30,10,0,0,0,0,0
100,396,15,21,29,1,0,0,0,0,0
100,397,15,22,20,0,0,0,0,0,0
100,398,15,23,17,18,0,0,0,0,0
100,399,15,24,20,0,2,2,0,0,0
100,400,16,0,3,2,2,0,0,0,0
100,401,16,1,8,0,0,2,0,0,0
100,402,16,2,2,1,1,1,0,0,0
100,403,16,3,8,6,1,0,0,0,0
100,404,16,4,0,14,2,3,0,0,0
100,405,16,5,0,25,1,0,0,0,0
100,406,16,6,7,18,0,1,0,0,0
100,407,16,7,0,3,0,1,0,0,0
100,408,16,8,0,1,0,3,0,0,0
100,409,16,9,33,1,1,0,0,0,0
100,410,16,10,11,0,0,0,0,0,0
100,411,16,11,8,21,2,1,0,0,0
100,412,16,12,32,0,2,1,0,0,0
100,413,16,13,0,1,0,0,0,0,0
100,414,16,14,0,0,2,3,0,0,0
100,415,16,15,29,25,0,3,0,0,0
100,416,16,16,1,10,0,0,0,0,0
100,417,16,17,9,0,0,0,0,0,0
100,418,16,18,3,0,0,0,0,0,0
100,419,16,19,29,1,0,0,0,0,0
100,420,16,20,17,3,0,1,0,0,0
100,421,16,21,23,6,1,0,0,0,0
100,422,16,22,46,1,0,1,0,0,0
100,423,16,23,21,10,1,1,0,0,0
100,424,16,24,18,0,0,1,0,0,0
100,425,17,0,0,6,0,0,0,0,0
100,426,17,1,22,1,0,1,0,0,0
100,427,17,2,17,13,2,1,0,0,0
100,428,17,3,10,20,1,1,0,0,0
100,429,17,4,22,15,0,1,0,0,0
100,430,17,5,21,13,1,0,0,0,0
100,431,17,6,0,1,0,1,0,0,0
100,432,17,7,17,14,1,0,0,0,0
100,433,17,8,10,0,0,0,0,0,0
100,434,17,9,16,32,0,0,0,0,0
100,435,17,10,0,32,0,0,0,0,0
100,436,17,11,0,18,0,0,0,0,0
100,437,17,12,21,0,4,0,0,0,0
100,438,17,13,0,4,0,0,0,0,0
100,439,17,14,29,13,0,0,0,0,0
100,440,17,15,21,14,3,1,0,0,0
100,441,17,16,0,29,3,1,0,0,0
100,442,17,17,33,12,1,0,0,0,0
100,443,17,18,30,24,1,0,0,0,0
100,444,17,19,14,17,0,3,0,0,0
100,445,17,20,36,0,0,1,0,0,0
100,446,17,21,25,0,0,3,0,0,0
100,447,17,22,21,38,1,0,0,0,0
100,448,17,23,17,0,1,1,0,0,0
100,449,17,24,40,8,1,2,0,0,0
100,450,18,0,36,0,0,0,0,0,0
100,451,18,1,6,1,0,1,0,0,0
100,452,18,2,0,4,2,0,0,0,0
100,453,18,3,1,1,1,0,0,0,0
100,454,18,4,1,6,0,0,0,0,0
100,455,18,5,0,23,1,0,0,0,0
100,456,18,6,5,46,1,0,0,0,0
100,457,18,7,0,22,2,0,0,0,0
100,458,18,8,0,4,2,1,0,0,0
100,459,18,9,2,5,3,2,0,0,0
100,460,18,10,0,1,0,1,0,0,0
100,461,18,11,18,4,3,0,0,0,0
100,462,18,12,11,28,0,0,0,0,0
100,463,18,13,20,41,0,0,0,0,0
100,464,18,14,4,14,0,4,0,0,0
100,465,18,15,31,0,0,6,0,0,0
100,466,18,16,21,0,3,0,0,0,0
100,467,18,17,0,0,0,1,0,0,0
100,468,18,18,7,28,0,1,0,0,0
100,469,18,19,35,2,0,0,0,0,0
100,470,18,20,10,24,0,0,0,0,0
100,471,18,21,39,7,0,0,0,0,0
100,472,18,22,24,7,1,1,0,0,0
100,473,18,23,3,0,0,1,0,0,0
100,474,18,24,23,0,0,0,0,0,0
100,475,19,0,22,0,1,0,0,0,0
100,476,19,1,11,27,0,0,0,0,0
100,477,19,2,1,0,4,2,0,0,0
100,478,19,3,2,1,1,1,0,0,0
100,479,19,4,0,40,0,0,0,0,0
100,480,19,5,17,0,0,0,0,0,0
100,481,19,6,0,0,0,0,0,0,0
100,482,19,7,10,24,0,0,0,0,0
100,483,19,8,4,37,1,0,0,0,0
100,484,19,9,1,25,1,0,0,0,0
100,485,19,10,7,22,0,0,0,0,0
100,486,19,11,0,3,1,0,0,0,0
100,487,19,12,4,21,1,0,0,0,0
100,488,19,13,1,1,0,0,0,0,0
100,489,19,14,2,0,1,0,0,0,0
100,490,19,15,29,42,0,0,0,0,0
100,491,19,16,0,6,0,5,0,0,0
100,492,19,17,2,20,0,0,0,0,0
100,493,19,18,24,4,1,1,0,0,0
100,494,19,19,8,1,2,0,0,0,0
100,495,19,20,17,6,0,0,0,0,0
100,496,19,21,0,32,0,0,0,0,0
100,497,19,22,23,0,0,0,0,0,0
100,498,19,23,24,30,1,0,0,0,0
100,499,19,24,44,39,1,0,0,0,0
100,500,20,0,1,0,1,0,0,0,0
100,501,20,1,2,0,0,2,0,0,0
100,502,20,2,0,0,0,0,0,0,0
100,503,20,3,2,1,0,0,0,0,0
100,504,20,4,1,2,3,1,0,0,0
100,505,20,5,0,3,4,1,0,0,0
100,506,20,6,0,46,2,0,0,0,0
100,507,20,7,0,0,1,1,0,0,0
100,508,20,8,27,34,0,1,0,0,0
100,509,20,9,35,27,1,0,0,0,0
100,510,20,10,2,1,0,3,0,0,0
100,511,20,11,31,0,0,1,0,0,0
100,512,20,12,1,5,1,3,0,0,0
100,513,20,13,2,13,0,0,0,0,0
100,514,20,14,17,28,1,0,0,0,0
100,515,20,15,6,30,3,0,0,0,0
100,516,20,16,1,7,0,0,0,0,0
100,517,20,17,32,23,0,1,0,0,0
100,518,20,18,31,26,0,0,0,0,0
100,519,20,19,5,39,1,0,0,0,0
100,520,20,20,0,4,0,0,0,0,0
100,521,20,21,8,10,2,1,0,0,0
100,522,20,22,19,3,0,0,0,0,0
100,523,20,23,48,13,0,0,0,0,0
100,524,20,24,19,1,0,0,0,0,0
100,525,21,0,0,0,0,3,0,0,0
100,526,21,1,1,0,1,0,0,0,0
100,527,21,2,0,0,1,1,0,0,0
100,528,21,3,13,11,1,0,0,0,0
100,529,21,4,14,4,0,0,0,0,0
100,530,21,5,27,15,1,0,0,0,0
100,531,21,6,1,1,1,1,0,0,0
100,532,21,7,12,0,1,0,0,0,0
100,533,21,8,20,11,0,0,0,0,0
100,534,21,9,0,43,0,0,0,0,0
100,535,21,10,4,18,0,1,0,0,0
100,536,21,11,0,2,1,1,0,0,0
100,537,21,12,24,40,0,0,0,0,0
100,538,21,13,0,0,0,3,0,0,0
100,539,21,14,21,1,0,0,0,0,0
100,540,21,15,20,8,3,2,0,0,0
100,541,21,16,39,20,0,0,0,0,0
100,542,21,17,8,27,0,0,0,0,0
100,543,21,18,24,0,1,1,0,0,0
100,544,21,19,40,6,0,0,0,0,0
100,545,21,20,26,27,1,1,0,0,0
100,546,21,21,44,0,1,0,0,0,0
100,547,21,22,9,13,1,0,0,0,0
100,548,21,23,45,27,0,3,0,0,0
100,549,21,24,28,21,3,0,0,0,0
100,550,22,0,1,0,4,3,0,0,0
100,551,22,1,11,23,1,0,0,0,0
100,552,22,2,15,1,1,0,0,0,0
100,553,22,3,0,2,1,1,0,0,0
100,554,22,4,11,0,0,3,0,0,0
100,555,22,5,3,35,1,0,0,0,0
100,556,22,6,1,30,2,4,0,0,0
100,557,22,7,37,21,0,1,0,0,0
100,558,22,8,10,15,1,0,0,0,0
100,559,22,9,21,35,1,0,0,0,0
100,560,22,10,0,4,0,0,0,0,0
100,561,22,11,3,14,0,0,0,0,0
100,562,22,12,0,14,1,0,0,0,0
100,563,22,13,18,30,0,0,0,0,0
100,564,22,14,0,43,3,0,0,0,0
100,565,22,15,34,3,0,1,0,0,0
100,566,22,16,1,26,3,0,0,0,0
100,567,22,17,39,5,0,1,0,0,0
100,568,22,18,37,27,0,1,0,0,0
100,569,22,19,6,3,1,0,0,0,0
100,570,22,20,24,2,0,0,0,0,0
100,571,22,21,39,15,4,0,0,0,0
100,572,22,22,45,50,0,0,0,0,0
100,573,22,23,33,3,0,0,0,0,0
100,574,22,24,23,23,0,0,0,0,0
100,575,23,0,0,0,0,2,0,0,0
100,576,23,1,1,3,3,0,0,0,0
100,577,23,2,16,25,0,0,0,0,0
100,578,23,3,7,5,0,1,0,0,0
100,579,23,4,35,10,0,0,0,0,0
100,580,23,5,0,43,0,0,0,0,0
100,581,23,6,0,34,1,1,0,0,0
100,582,23,7,17,0,1,1,0,0,0
100,583,23,8,0,27,1,1,0,0,0
100,584,23,9,0,17,0,0,0,0,0
100,585,23,10,45,30,0,0,0,0,0
100,586,23,11,0,40,2,1,0,0,0
100,587,23,12,7,0,0,0,0,0,0
100,588,23,13,6,0,1,1,0,0,0
100,589,23,14,3,0,1,1,0,0,0
100,590,23,15,0,15,0,0,0,0,0
100,591,23,16,43,8,1,2,0,0,0
100,592,23,17,18,4,1,0,0,0,0
100,593,23,18,0,0,0,3,0,0,0
100,594,23,19,17,5,0,1,0,0,0
100,595,23,20,33,6,1,1,0,0,0
100,596,23,21,37,21,0,0,0,0,0
100,597,23,22,24,0,1,1,0,0,0
100,598,23,23,23,16,1,1,0,0,0
100,599,23,24,0,1,0,1,0,0,0
100,600,24,0,0,0,1,0,0,0,0
100,601,24,1,19,0,1,1,0,0,0
100,602,24,2,26,0,0,0,0,0,0
100,603,24,3,7,0,0,0,0,0,0
100,604,24,4,26,0,1,0,0,0,0
100,605,24,5,0,8,0,1,0,0,0
100,606,24,6,31,0,1,1,0,0,0
100,607,24,7,4,27,0,0,0,0,0
100,608,24,8,11,12,0,0,0,0,0
100,609,24,9,0,21,0,1,0,0,0
100,610,24,10,6,36,1,1,0,0,0
100,611,24,11,0,17,0,0,0,0,0
100,612,24,12,0,3,1,0,0,0,0
100,613,24,13,10,4,0,4,0,0,0
100,614,24,14,9,0,2,1,0,0,0
100,615,24,15,0,1,0,0,0,0,0
100,616,24,16,37,0,0,1,0,0,0
100,617,24,17,47,45,0,0,0,0,0
100,618,24,18,35,10,0,0,0,0,0
100,619,24,19,10,19,3,1,0,0,0
100,620,24,20,10,30,0,0,0,0,0
100,621,24,21,0,0,2,3,0,0,0
100,622,24,22,9,30,1,2,0,0,0
100,623,24,23,38,0,1,1,0,0,0
100,624,24,24,28,32,1,0,0,0,0
200,0,0,0,0,0,4,4,0,0,0
200,1,0,1,0,3,1,1,0,0,0
200,2,0,2,0,1,2,1,0,0,0
200,3,0,3,0,10,2,0,0,0,0
200,4,0,4,0,8,1,1,0,0,0
200,5,0,5,0,0,2,1,0,0,0
200,6,0,6,0,7,1,1,0,0,0
200,7,0,7,0,17,2,0,0,0,0
200,8,0,8,0,0,0,0,0,0,0
200,9,0,9,0,0,2,1,0,0,0
200,10,0,10,0,2,0,0,0,0,0
200,11,0,11,0,0,0,1,0,0,0
200,12,0,12,0,2,2,0,0,0,0
200,13,0,13,0,4,0,0,0,0,0
200,14,0,14,0,0,7,2,0,0,0
200,15,0,15,0,2,1,1,0,0,0
200,16,0,16,0,1,2,1,0,0,0
200,17,0,17,8,0,2,0,0,0,0
200,18,0,18,0,0,0,1,0,0,0
200,19,0,19,0,0,2,2,0,0,0
200,20,0,20,0,0,0,3,0,0,0
200,21,0,21,0,0,0,5,0,0,0
200,22,0,22,1,0,0,1,0,0,0
200,23,0,23,0,0,0,1,0,0,0
200,24,0,24,0,0,1,0,0,0,0
200,25,1,0,0,0,1,1,0,0,0
200,26,1,1,3,0,1,2,0,0,0
200,27,1,2,0,1,2,1,0,0,0
200,28,1,3,20,0,1,3,0,0,0
200,29,1,4,0,0,2,2,0,0,0
200,30,1,5,0,19,1,2,0,0,0
200,31,1,6,0,0,1,2,0,0,0
200,32,1,7,0,0,1,5,0,0,0
200,33,1,8,0,0,1,0,0,0,0
200,34,1,9,0,0,0,0,0,0,0
200,35,1,10,0,3,3,0,0,0,0
200,36,1,11,16,11,0,2,0,0,0
200,37,1,12,16,5,0,0,0,0,0
200,38,1,13,0,0,1,0,0,0,0
200,39,1,14,8,0,0,0,0,0,0
200,40,1,15,0,0,2,2,0,0,0
200,41,1,16,0,4,0,1,0,0,0
200,42,1,17,0,0,0,0,0,0,0
200,43,1,18,0,1,0,0,0,0,0
200,44,1,19,0,1,2,2,0,0,0
200,45,1,20,0,0,0,0,0,0,0
200,46,1,21,3,0,0,0,0,0,0
200,47,1,22,33,7,0,0,0,0,0
200,48,1,23,4,0,0,0,0,0,0
200,49,1,24,36,18,0,3,0,0,0
200,50,2,0,0,0,2,0,0,0,0
200,51,2,1,15,1,0,1,0,0,0
200,52,2,2,1,17,0,2,0,0,0
200,53,2,3,0,0,2,1,0,0,0
200,54,2,4,5,13,0,1,0,0,0
200,55,2,5,0,22,0,0,0,0,0
200,56,2,6,0,19,2,0,0,0,0
200,57,2,7,0,0,2,1,0,0,0
200,58,2,8,0,0,1,0,0,0,0
200,59,2,9,0,2,2,0,0,0,0
200,60,2,10,0,25,0,0,0,0,0
200,61,2,11,4,0,1,4,0,0,0
200,62,2,12,0,0,0,3,0,0,0
200,63,2,13,0,0,1,0,0,0,0
200,64,2,14,17,0,0,2,0,0,0
200,65,2,15,0,0,1,3,0,0,0
200,66,2,16,1,1,1,1,0,0,0
200,67,2,17,0,1,1,0,0,0,0
200,68,2,18,0,26,1,1,0,0,0
200,69,2,19,0,0,0,1,0,0,0
200,70,2,20,9,0,1,0,0,0,0
200,71,2,21,0,3,1,1,0,0,0
200,72,2,22,0,7,4,0,0,0,0
200,73,2,23,4,4,0,1,0,0,0
200,74,2,24,2,1,0,1,0,0,0
200,75,3,0,0,0,2,0,0,0,0
200,76,3,1,3,18,0,0,0,0,0
200,77,3,2,1,0,1,2,0,0,0
200,78,3,3,0,0,3,1,0,0,0
200,79,3,4,0,0,0,4,0,0,0
200,80,3,5,0,0,0,1,0,0,0
200,81,3,6,0,0,0,0,0,0,0
200,82,3,7,0,0,0,1,0,0,0
200,83,3,8,2,11,1,0,0,0,0
200,84,3,9,1,5,0,1,0,0,0
200,85,3,10,10,0,0,2,0,0,0
200,86,3,11,0,0,0,1,0,0,0
200,87,3,12,0,3,3,2,0,0,0
200,88,3,13,2,0,0,1,0,0,0
200,89,3,14,14,0,0,0,0,0,0
200,90,3,15,8,0,2,1,0,0,0
200,91,3,16,0,2,1,1,0,0,0
200,92,3,17,0,3,0,1,0,0,0
200,93,3,18,0,6,0,0,0,0,0
200,94,3,19,0,3,1,0,0,0,0
200,95,3,20,7,4,0,0,0,0,0
200,96,3,21,6,8,0,0,0,0,0
200,97,3,22,2,0,1,5,0,0,0
200,98,3,23,0,6,1,0,0,0,0
200,99,3,24,11,8,0,0,0,0,0
200,100,4,0,1,0,1,1,0,0,0
200,101,4,1,8,0,0,2,0,0,0
200,102,4,2,3,1,1,0,0,0,0
200,103,4,3,0,12,0,0,0,0,0
200,104,4,4,0,13,1,0,0,0,0
200,105,4,5,0,0,2,3,0,0,0
200,106,4,6,0,21,0,0,0,0,0
200,107,4,7,28,8,2,1,0,0,0
200,108,4,8,0,20,1,1,0,0,0
200,109,4,9,2,5,0,0,0,0,0
200,110,4,10,0,3,2,0,0,0,0
200,111,4,11,3,0,0,0,0,0,0
200,112,4,12,0,9,0,0,0,0,0
200,113,4,13,5,0,2,0,0,0,0
200,114,4,14,0,16,3,0,0,0,0
200,115,4,15,3,0,0,2,0,0,0
200,116,4,16,0,23,0,0,0,0,0
200,117,4,17,7,4,0,3,0,0,0
200,118,4,18,0,0,0,0,0,0,0
200,119,4,19,0,0,1,1,0,0,0
200,120,4,20,4,1,0,2,0,0,0
200,121,4,21,0,11,2,1,0,0,0
200,122,4,22,23,2,0,1,0,0,0
200,123,4,23,19,28,0,0,0,0,0
200,124,4,24,30,0,0,0,0,0,0
200,125,5,0,0,0,1,1,0,0,0
200,126,5,1,0,3,0,2,0,0,0
200,127,5,2,12,2,1,1,0,0,0
200,128,5,3,9,0,1,1,0,0,0
200,129,5,4,2,0,1,1,0,0,0
200,130,5,5,5,0,0,1,0,0,0
200,131,5,6,1,19,0,1,0,0,0
200,132,5,7,3,28,2,0,0,0,0
200,133,5,8,14,0,0,1,0,0,0
200,134,5,9,0,16,1,2,0,0,0
200,135,5,10,3,3,1,0,0,0,0
200,136,5,11,13,0,1,0,0,0,0
200,137,5,12,0,0,0,3,0,0,0
200,138,5,13,0,0,2,0,0,0,0
200,139,5,14,2,0,0,1,0,0,0
200,140,5,15,8,0,0,1,0,0,0
200,141,5,16,0,5,0,0,0,0,0
200,142,5,17,0,0,2,2,0,0,0
200,143,5,18,0,0,1,0,0,0,0
200,144,5,19,1,0,0,4,0,0,0
200,145,5,20,2,0,0,1,0,0,0
200,146,5,21,3,33,3,0,0,0,0
200,147,5,22,24,8,1,0,0,0,0
200,148,5,23,0,0,0,0,0,0,0
200,149,5,24,10,25,0,0,0,0,0
200,150,6,0,0,0,0,0,0,0,0
200,151,6,1,15,0,4,2,0,0,0
200,152,6,2,0,6,2,1,0,0,0
200,153,6,3,17,0,0,0,0,0,0
200,154,6,4,0,0,0,2,0,0,0
200,155,6,5,0,0,2,0,0,0,0
200,156,6,6,27,0,0,2,0,0,0
200,157,6,7,9,0,1,2,0,0,0
200,158,6,8,0,2,1,0,0,0,0
200,159,6,9,0,0,1,0,0,0,0
200,160,6,10,1,18,0,0,0,0,0
200,161,6,11,13,0,1,0,0,0,0
200,162,6,12,3,0,0,1,0,0,0
200,163,6,13,0,0,0,0,0,0,0
200,164,6,14,12,0,0,0,0,0,0
200,165,6,15,32,0,0,0,0,0,0
200,166,6,16,20,0,2,0,0,0,0
200,167,6,17,0,1,1,0,0,0,0
200,168,6,18,24,2,0,1,0,0,0
200,169,6,19,0,37,1,0,0,0,0
200,170,6,20,17,4,2,0,0,0,0
200,171,6,21,0,9,4,0,0,0,0
200,172,6,22,6,36,1,0,0,0,0
200,173,6,23,33,1,1,1,0,0,0
200,174,6,24,4,0,0,0,0,0,0
200,175,7,0,0,0,2,1,0,0,0
200,176,7,1,0,0,1,0,0,0,0
200,177,7,2,5,0,0,4,0,0,0
200,178,7,3,1,0,1,0,0,0,0
200,179,7,4,2,3,1,0,0,0,0
200,180,7,5,0,0,1,1,0,0,0
200,181,7,6,0,7,1,2,0,0,0
200,182,7,7,9,0,0,1,0,0,0
200,183,7,8,0,0,1,2,0,0,0
200,184,7,9,19,0,0,2,0,0,0
200,185,7,10,0,5,2,0,0,0,0
200,186,7,11,0,19,1,2,0,0,0
200,187,7,12,1,8,0,0,0,0,0
200,188,7,13,0,13,0,0,0,0,0
200,189,7,14,14,0,0,0,0,0,0
200,190,7,15,23,0,1,1,0,0,0
200,191,7,16,34,2,1,1,0,0,0
200,192,7,17,0,3,1,0,0,0,0
200,193,7,18,0,25,1,0,0,0,0
200,194,7,19,0,2,0,1,0,0,0
200,195,7,20,0,3,0,0,0,0,0
200,196,7,21,0,1,0,0,0,0,0
200,197,7,22,8,4,0,1,0,0,0
200,198,7,23,47,20,0,1,0,0,0
200,199,7,24,29,3,0,0,0,0,0
200,200,8,0,0,0,2,2,0,0,0
200,201,8,1,0,0,0,0,0,0,0
200,202,8,2,0,2,2,1,0,0,0
200,203,8,3,0,0,1,0,0,0,0
200,204,8,4,0,2,3,1,0,0,0
200,205,8,5,1,6,1,0,0,0,0
200,206,8,6,0,0,1,1,0,0,0
200,207,8,7,0,0,2,0,0,0,0
200,208,8,8,0,0,0,0,0,0,0
200,209,8,9,0,0,0,1,0,0,0
200,210,8,10,5,0,0,0,0,0,0
200,211,8,11,16,0,0,0,0,0,0
200,212,8,12,22,0,1,1,0,0,0
200,213,8,13,18,0,0,4,0,0,0
200,214,8,14,24,0,0,1,0,0,0
200,215,8,15,7,14,0,1,0,0,0
200,216,8,16,31,1,0,0,0,0,0
200,217,8,17,0,23,0,1,0,0,0
200,218,8,18,6,0,1,0,0,0,0
200,219,8,19,0,0,1,1,0,0,0
200,220,8,20,0,4,0,0,0,0,0
200,221,8,21,0,21,3,2,0,0,0
200,222,8,22,16,37,2,0,0,0,0
200,223,8,23,13,0,0,1,0,0,0
200,224,8,24,21,0,0,0,0,0,0
200,225,9,0,0,0,2,2,0,0,0
200,226,9,1,3,0,0,2,0,0,0
200,227,9,2,11,21,0,0,0,0,0
200,228,9,3,0,2,1,1,0,0,0
200,229,9,4,0,40,2,0,0,0,0
200,230,9,5,0,0,2,0,0,0,0
200,231,9,6,0,0,2,2,0,0,0
200,232,9,7,0,2,0,2,0,0,0
200,233,9,8,13,0,2,0,0,0,0
200,234,9,9,0,0,1,0,0,0,0
200,235,9,10,0,20,1,1,0,0,0
200,236,9,11,4,5,0,1,0,0,0
200,237,9,12,0,0,1,0,0,0,0
200,238,9,13,0,0,4,1,0,0,0
200,239,9,14,1,22,0,1,0,0,0
200,240,9,15,0,2,0,0,0,0,0
200,241,9,16,10,2,0,0,0,0,0
200,242,9,17,3,0,0,0,0,0,0
200,243,9,18,1,0,1,2,0,0,0
200,244,9,19,0,2,1,1,0,0,0
200,245,9,20,12,42,2,0,0,0,0
200,246,9,21,0,0,0,0,0,0,0
200,247,9,22,15,0,0,0,0,0,0
200,248,9,23,0,3,0,1,0,0,0
200,249,9,24,0,0,1,0,0,0,0
200,250,10,0,0,0,0,1,0,0,0
200,251,10,1,10,0,0,0,0,0,0
200,252,10,2,0,0,1,0,0,0,0
200,253,10,3,0,0,0,3,0,0,0
200,254,10,4,0,0,1,0,0,0,0
200,255,10,5,11,0,0,1,0,0,0
200,256,10,6,0,0,1,1,0,0,0
200,257,10,7,0,0,0,2,0,0,0
200,258,10,8,13,2,1,0,0,0,0
200,259,10,9,6,1,1,3,0,0,0
200,260,10,10,0,0,0,1,0,0,0
200,261,10,11,0,9,1,1,0,0,0
200,262,10,12,0,5,1,0,0,0,0
200,263,10,13,24,10,1,1,0,0,0
200,264,10,14,18,0,2,0,0,0,0
200,265,10,15,10,34,1,0,0,0,0
200,266,10,16,0,7,0,0,0,0,0
200,267,10,17,7,13,0,0,0,0,0
200,268,10,18,1,3,0,0,0,0,0
200,269,10,19,2,0,1,2,0,0,0
200,270,10,20,4,13,1,2,0,0,0
200,271,10,21,4,23,2,1,0,0,0
200,272,10,22,22,2,1,1,0,0,0
200,273,10,23,12,0,0,2,0,0,0
200,274,10,24,0,1,0,0,0,0,0
200,275,11,0,0,0,1,0,0,0,0
200,276,11,1,0,0,0,0,0,0,0
200,277,11,2,0,0,1,3,0,0,0
200,278,11,3,0,0,1,0,0,0,0
200,279,11,4,0,0,4,2,0,0,0
200,280,11,5,0,1,1,0,0,0,0
200,281,11,6,0,0,2,0,0,0,0
200,282,11,7,0,0,1,1,0,0,0
200,283,11,8,12,2,1,0,0,0,0
200,284,11,9,9,2,0,2,0,0,0
200,285,11,10,31,15,0,0,0,0,0
200,286,11,11,14,23,0,3,0,0,0
200,287,11,12,8,0,0,2,0,0,0
200,288,11,13,11,1,0,1,0,0,0
200,289,11,14,25,36,0,0,0,0,0
200,290,11,15,22,10,0,0,0,0,0
200,291,11,16,3,35,1,0,0,0,0
200,292,11,17,1,10,3,0,0,0,0
200,293,11,18,3,20,0,0,0,0,0
200,294,11,19,0,50,2,0,0,0,0
200,295,11,20,35,19,0,0,0,0,0
200,296,11,21,2,34,0,0,0,0,0
200,297,11,22,3,31,0,0,0,0,0
200,298,11,23,9,0,1,1,0,0,0
200,299,11,24,7,5,0,0,0,0,0
200,300,12,0,0,0,1,1,0,0,0
200,301,12,1,0,0,2,1,0,0,0
200,302,12,2,0,0,1,1,0,0,0
200,303,12,3,0,0,4,0,0,0,0
200,304,12,4,13,0,0,4,0,0,0
200,305,12,5,0,0,1,1,0,0,0
200,306,12,6,2,1,0,0,0,0,0
200,307,12,7,0,0,2,0,0,0,0
200,308,12,8,1,5,3,1,0,0,0
200,309,12,9,0,0,0,1,0,0,0
200,310,12,10,13,0,1,2,0,0,0
200,311,12,11,16,26,0,0,0,0,0
200,312,12,12,33,9,0,1,0,0,0
200,313,12,13,16,0,1,1,0,0,0
200,314,12,14,3,0,2,0,0,0,0
200,315,12,15,10,0,0,4,0,0,0
200,316,12,16,1,29,0,0,0,0,0
200,317,12,17,0,9,1,0,0,0,0
200,318,12,18,2,0,3,3,0,0,0
200,319,12,19,9,1,3,0,0,0,0
200,320,12,20,0,3,4,0,0,0,0
200,321,12,21,5,0,0,1,0,0,0
200,322,12,22,2,0,0,2,0,0,0
200,323,12,23,2,0,0,0,0,0,0
200,324,12,24,31,6,0,0,0,0,0
200,325,13,0,0,0,2,0,0,0,0
200,326,13,1,0,1,0,2,0,0,0
200,327,13,2,7,0,1,1,0,0,0
200,328,13,3,0,18,0,3,0,0,0
200,329,13,4,13,0,0,1,0,0,0
200,330,13,5,1,0,1,1,0,0,0
200,331,13,6,0,0,0,1,0,0,0
200,332,13,7,0,0,3,1,0,0,0
200,333,13,8,1,0,1,0,0,0,0
200,334,13,9,1,8,1,1,0,0,0
200,335,13,10,2,19,0,0,0,0,0
200,336,13,11,0,18,0,4,0,0,0
200,337,13,12,0,7,2,0,0,0,0
200,338,13,13,25,32,1,0,0,0,0
200,339,13,14,1,25,1,0,0,0,0
200,340,13,15,1,1,0,0,0,0,0
200,341,13,16,31,0,1,2,0,0,0
200,342,13,17,1,18,2,0,0,0,0
200,343,13,18,11,11,1,1,0,0,0
200,344,13,19,9,0,0,0,0,0,0
200,345,13,20,0,24,0,1,0,0,0
200,346,13,21,0,2,0,1,0,0,0
200,347,13,22,0,14,0,1,0,0,0
200,348,13,23,0,3,1,1,0,0,0
200,349,13,24,0,1,1,1,0,0,0
200,350,14,0,0,0,2,1,0,0,0
200,351,14,1,0,3,0,1,0,0,0
200,352,14,2,0,0,1,0,0,0,0
200,353,14,3,0,0,0,1,0,0,0
200,354,14,4,30,0,1,0,0,0,0
200,355,14,5,40,0,0,1,0,0,0
200,356,14,6,0,11,0,1,0,0,0
200,357,14,7,4,0,0,0,0,0,0
200,358,14,8,0,0,1,2,0,0,0
200,359,14,9,7,0,0,3,0,0,0
200,360,14,10,1,0,4,0,0,0,0
200,361,14,11,8,11,0,0,0,0,0
200,362,14,12,37,0,0,0,0,0,0
200,363,14,13,14,16,1,0,0,0,0
200,364,14,14,21,17,0,0,0,0,0
200,365,14,15,17,0,0,0,0,0,0
200,366,14,16,1,36,3,0,0,0,0
200,367,14,17,39,8,0,1,0,0,0
200,368,14,18,0,21,1,1,0,0,0
200,369,14,19,0,4,0,1,0,0,0
200,370,14,20,0,0,0,0,0,0,0
200,371,14,21,4,0,0,0,0,0,0
200,372,14,22,0,9,3,0,0,0,0
200,373,14,23,3,37,1,1,0,0,0
200,374,14,24,16,0,0,0,0,0,0
200,375,15,0,0,0,0,2,0,0,0
200,376,15,1,0,0,1,1,0,0,0
200,377,15,2,1,0,0,1,0,0,0
200,378,15,3,0,0,1,3,0,0,0
200,379,15,4,3,5,1,0,0,0,0
200,380,15,5,0,0,1,0,0,0,0
200,381,15,6,10,27,0,0,0,0,0
200,382,15,7,18,1,0,1,0,0,0
200,383,15,8,18,0,0,0,0,0,0
200,384,15,9,9,4,0,0,0,0,0
200,385,15,10,14,1,0,1,0,0,0
200,386,15,11,15,0,1,0,0,0,0
200,387,15,12,37,1,0,1,0,0,0
200,388,15,13,6,6,2,2,0,0,0
200,389,15,14,1,0,0,0,0,0,0
200,390,15,15,32,22,0,0,0,0,0
200,391,15,16,20,3,0,2,0,0,0
200,392,15,17,6,19,0,1,0,0,0
200,393,15,18,3,4,0,0,0,0,0
200,394,15,19,2,13,1,0,0,0,0
200,395,15,20,0,31,0,0,0,0,0
200,396,15,21,0,3,0,0,0,0,0
200,397,15,22,5,0,0,0,0,0,0
200,398,15,23,8,7,0,1,0,0,0
200,399,15,24,0,5,1,2,0,0,0
200,400,16,0,0,0,2,1,0,0,0
200,401,16,1,1,0,0,2,0,0,0
200,402,16,2,2,34,0,1,0,0,0
200,403,16,3,0,0,2,0,0,0,0
200,404,16,4,3,20,0,0,0,0,0
200,405,16,5,2,1,1,0,0,0,0
200,406,16,6,1,0,0,1,0,0,0
200,407,16,7,21,5,0,0,0,0,0
200,408,16,8,11,0,1,0,0,0,0
200,409,16,9,38,1,0,1,0,0,0
200,410,16,10,37,7,0,1,0,0,0
200,411,16,11,17,5,2,1,0,0,0
200,412,16,12,5,33,2,0,0,0,0
200,413,16,13,35,3,0,0,0,0,0
200,414,16,14,41,0,2,3,0,0,0
200,415,16,15,5,2,0,1,0,0,0
200,416,16,16,2,0,1,1,0,0,0
200,417,16,17,7,9,0,2,0,0,0
200,418,16,18,0,27,1,1,0,0,0
200,419,16,19,0,0,2,0,0,0,0
200,420,16,20,7,22,0,1,0,0,0
200,421,16,21,2,0,0,0,0,0,0
200,422,16,22,16,10,0,2,0,0,0
200,423,16,23,2,29,1,0,0,0,0
200,424,16,24,0,0,0,0,0,0,0
200,425,17,0,0,1,1,1,0,0,0
200,426,17,1,1,37,1,0,0,0,0
200,427,17,2,9,0,1,1,0,0,0
200,428,17,3,6,0,1,2,0,0,0
200,429,17,4,3,0,0,5,0,0,0
200,430,17,5,14,19,1,1,0,0,0
200,431,17,6,0,0,1,0,0,0,0
200,432,17,7,22,0,0,2,0,0,0
200,433,17,8,4,3,0,1,0,0,0
200,434,17,9,17,3,1,1,0,0,0
200,435,17,10,34,17,0,0,0,0,0
200,436,17,11,21,12,0,0,0,0,0
200,437,17,12,0,6,1,0,0,0,0
200,438,17,13,4,27,0,3,0,0,0
200,439,17,14,1,0,2,0,0,0,0
200,440,17,15,2,6,0,0,0,0,0
200,441,17,16,21,13,0,0,0,0,0
200,442,17,17,3,2,0,0,0,0,0
200,443,17,18,0,21,3,0,0,0,0
200,444,17,19,7,18,3,4,0,0,0
200,445,17,20,0,28,1,2,0,0,0
200,446,17,21,0,0,1,0,0,0,0
200,447,17,22,0,0,0,0,0,0,0
200,448,17,23,26,18,0,0,0,0,0
200,449,17,24,3,3,1,1,0,0,0
200,450,18,0,0,4,0,0,0,0,0
200,451,18,1,5,0,1,0,0,0,0
200,452,18,2,0,21,2,0,0,0,0
200,453,18,3,3,0,1,1,0,0,0
200,454,18,4,1,0,0,2,0,0,0
200,455,18,5,31,0,0,3,0,0,0
200,456,18,6,11,18,0,1,0,0,0
200,457,18,7,1,19,1,0,0,0,0
200,458,18,8,25,0,0,1,0,0,0
200,459,18,9,0,2,1,0,0,0,0
200,460,18,10,1,0,1,2,0,0,0
200,461,18,11,5,0,0,3,0,0,0
200,462,18,12,0,19,4,0,0,0,0
200,463,18,13,35,0,0,1,0,0,0
200,464,18,14,25,9,0,0,0,0,0
200,465,18,15,17,18,2,0,0,0,0
200,466,18,16,0,7,1,0,0,0,0
200,467,18,17,0,0,0,0,0,0,0
200,468,18,18,0,28,1,0,0,0,0
200,469,18,19,32,1,0,1,0,0,0
200,470,18,20,1,4,0,1,0,0,0
200,471,18,21,5,0,2,2,0,0,0
200,472,18,22,0,30,2,1,0,0,0
200,473,18,23,4,0,1,5,0,0,0
200,474,18,24,22,19,0,2,0,0,0
200,475,19,0,0,0,0,0,0,0,0
200,476,19,1,9,0,0,2,0,0,0
200,477,19,2,17,13,0,1,0,0,0
200,478,19,3,3,0,0,0,0,0,0
200,479,19,4,2,0,3,4,0,0,0
200,480,19,5,13,15,0,0,0,0,0
200,481,19,6,0,0,0,1,0,0,0
200,482,19,7,8,0,3,0,0,0,0
200,483,19,8,26,0,0,1,0,0,0
200,484,19,9,16,1,0,0,0,0,0
200,485,19,10,33,3,0,0,0,0,0
200,486,19,11,5,22,0,0,0,0,0
200,487,19,12,14,2,0,0,0,0,0
200,488,19,13,6,20,1,0,0,0,0
200,489,19,14,0,0,3,1,0,0,0
200,490,19,15,26,0,3,0,0,0,0
200,491,19,16,13,1,0,0,0,0,0
200,492,19,17,0,0,0,1,0,0,0
200,493,19,18,3,0,2,0,0,0,0
200,494,19,19,0,0,2,0,0,0,0
200,495,19,20,1,7,0,0,0,0,0
200,496,19,21,0,0,1,0,0,0,0
200,497,19,22,9,16,0,0,0,0,0
200,498,19,23,2,1,0,1,0,0,0
200,499,19,24,8,17,0,0,0,0,0
200,500,20,0,0,3,0,0,0,0,0
200,501,20,1,0,4,0,2,0,0,0
200,502,20,2,0,1,3,1,0,0,0
200,503,20,3,12,0,0,4,0,0,0
200,504,20,4,1,15,1,0,0,0,0
200,505,20,5,29,3,0,1,0,0,0
200,506,20,6,4,0,0,0,0,0,0
200,507,20,7,21,0,0,0,0,0,0
200,508,20,8,0,3,2,1,0,0,0
200,509,20,9,15,0,0,1,0,0,0
200,510,20,10,6,0,0,0,0,0,0
200,511,20,11,2,1,0,1,0,0,0
200,512,20,12,1,25,1,0,0,0,0
200,513,20,13,12,2,0,1,0,0,0
200,514,20,14,9,18,1,0,0,0,0
200,515,20,15,15,13,0,0,0,0,0
200,516,20,16,4,11,2,0,0,0,0
200,517,20,17,19,27,1,0,0,0,0
200,518,20,18,9,2,0,1,0,0,0
200,519,20,19,0,20,2,0,0,0,0
200,520,20,20,3,18,1,0,0,0,0
200,521,20,21,0,27,0,0,0,0,0
200,522,20,22,1,0,0,0,0,0,0
200,523,20,23,32,29,0,0,0,0,0
200,524,20,24,11,34,0,0,0,0,0
200,525,21,0,0,0,1,1,0,0,0
200,526,21,1,7,2,0,0,0,0,0
200,527,21,2,2,39,0,0,0,0,0
200,528,21,3,0,12,0,1,0,0,0
200,529,21,4,21,0,1,0,0,0,0
200,530,21,5,22,0,0,0,0,0,0
200,531,21,6,1,0,1,0,0,0,0
200,532,21,7,4,0,0,1,0,0,0
200,533,21,8,0,0,0,2,0,0,0
200,534,21,9,1,0,0,2,0,0,0
200,535,21,10,2,0,1,2,0,0,0
200,536,21,11,18,9,0,0,0,0,0
200,537,21,12,2,1,0,1,0,0,0
200,538,21,13,13,13,0,1,0,0,0
200,539,21,14,14,42,0,0,0,0,0
200,540,21,15,1,1,0,1,0,0,0
200,541,21,16,0,5,0,0,0,0,0
200,542,21,17,1,0,2,2,0,0,0
200,543,21,18,1,20,1,1,0,0,0
200,544,21,19,4,4,0,1,0,0,0
200,545,21,20,29,31,0,0,0,0,0
200,546,21,21,3,9,0,0,0,0,0
200,547,21,22,0,11,0,1,0,0,0
200,548,21,23,4,0,0,0,0,0,0
200,549,21,24,8,4,1,1,0,0,0
200,550,22,0,0,0,2,0,0,0,0
200,551,22,1,0,0,0,0,0,0,0
200,552,22,2,35,0,1,1,0,0,0
200,553,22,3,0,1,0,1,0,0,0
200,554,22,4,7,6,0,0,0,0,0
200,555,22,5,8,0,0,0,0,0,0
200,556,22,6,0,0,1,1,0,0,0
200,557,22,7,0,1,0,1,0,0,0
200,558,22,8,37,3,0,1,0,0,0
200,559,22,9,18,3,2,3,0,0,0
200,560,22,10,8,28,1,0,0,0,0
200,561,22,11,2,21,1,1,0,0,0
200,562,22,12,1,6,2,0,0,0,0
200,563,22,13,0,8,3,2,0,0,0
200,564,22,14,27,6,1,0,0,0,0
200,565,22,15,7,0,0,1,0,0,0
200,566,22,16,12,2,2,4,0,0,0
200,567,22,17,4,12,0,0,0,0,0
200,568,22,18,0,0,2,0,0,0,0
200,569,22,19,25,5,0,0,0,0,0
200,570,22,20,18,7,0,1,0,0,0
200,571,22,21,23,0,0,1,0,0,0
200,572,22,22,0,23,1,0,0,0,0
200,573,22,23,13,21,3,1,0,0,0
200,574,22,24,0,17,1,0,0,0,0
200,575,23,0,0,28,0,1,0,0,0
200,576,23,1,0,10,2,0,0,0,0
200,577,23,2,0,3,2,1,0,0,0
200,578,23,3,20,34,0,1,0,0,0
200,579,23,4,1,1,2,0,0,0,0
200,580,23,5,12,29,1,1,0,0,0
200,581,23,6,6,1,0,0,0,0,0
200,582,23,7,15,19,0,0,0,0,0
200,583,23,8,21,37,1,0,0,0,0
200,584,23,9,0,15,0,0,0,0,0
200,585,23,10,1,18,0,0,0,0,0
200,586,23,11,0,15,4,1,0,0,0
200,587,23,12,3,3,3,0,0,0,0
200,588,23,13,0,0,2,1,0,0,0
200,589,23,14,0,1,5,0,0,0,0
200,590,23,15,4,2,0,0,0,0,0
200,591,23,16,11,1,1,4,0,0,0
200,592,23,17,5,41,0,0,0,0,0
200,593,23,18,11,11,2,0,0,0,0
200,594,23,19,0,0,3,1,0,0,0
200,595,23,20,2,21,0,0,0,0,0
200,596,23,21,3,3,0,1,0,0,0
200,597,23,22,4,20,1,0,0,0,0
200,598,23,23,17,30,0,0,0,0,0
200,599,23,24,25,10,1,0,0,0,0
200,600,24,0,4,0,1,1,0,0,0
200,601,24,1,0,0,0,1,0,0,0
200,602,24,2,20,0,0,0,0,0,0
200,603,24,3,5,1,0,0,0,0,0
200,604,24,4,0,30,1,2,0,0,0
200,605,24,5,1,1,0,0,0,0,0
200,606,24,6,0,1,1,0,0,0,0
200,607,24,7,0,3,0,0,0,0,0
200,608,24,8,0,3,2,1,0,0,0
200,609,24,9,29,7,1,0,0,0,0
200,610,24,10,11,0,0,1,0,0,0
200,611,24,11,9,0,2,0,0,0,0
200,612,24,12,0,8,1,0,0,0,0
200,613,24,13,32,0,2,1,0,0,0
200,614,24,14,8,5,2,0,0,0,0
200,615,24,15,1,0,0,0,0,0,0
200,616,24,16,6,1,1,1,0,0,0
200,617,24,17,2,0,0,1,0,0,0
200,618,24,18,1,0,3,2,0,0,0
200,619,24,19,0,4,0,1,0,0,0
200,620,24,20,0,0,0,2,0,0,0
200,621,24,21,0,0,1,0,0,0,0
200,622,24,22,12,1,0,1,0,0,0
200,623,24,23,0,50,3,0,0,0,0
200,624,24,24,0,33,0,1,0,0,0
300,0,0,0,0,0,0,1,0,0,1
300,1,0,1,0,7,6,2,0,0,0
300,2,0,2,0,3,0,0,0,0,3
300,3,0,3,0,0,1,1,0,0,0
300,4,0,4,0,0,0,3,0,0,0
300,5,0,5,0,3,1,0,0,0,2
300,6,0,6,1,0,1,1,0,0,0
300,7,0,7,0,0,2,0,0,1,2
300,8,0,8,0,0,2,1,0,0,2
300,9,0,9,0,0,0,0,0,0,0
300,10,0,10,0,0,0,1,0,0,0
300,11,0,11,0,1,2,0,0,0,0
300,12,0,12,0,0,1,4,0,0,0
300,13,0,13,0,0,0,3,0,0,0
300,14,0,14,0,7,0,0,0,0,0
300,15,0,15,0,18,0,1,0,0,0
300,16,0,16,1,0,0,0,0,0,0
300,17,0,17,0,4,0,0,0,0,0
300,18,0,18,0,0,1,0,0,0,3
300,19,0,19,2,0,1,0,0,0,0
300,20,0,20,2,20,0,1,0,0,0
300,21,0,21,0,10,6,2,0,0,0
300,22,0,22,18,1,1,1,0,0,0
300,23,0,23,4,9,1,0,0,0,0
300,24,0,24,0,5,1,1,0,0,0
300,25,1,0,1,2,1,2,0,0,0
300,26,1,1,0,0,2,0,0,0,0
300,27,1,2,0,0,6,2,0,0,0
300,28,1,3,0,0,0,1,0,0,0
300,29,1,4,0,12,0,0,0,0,3
300,30,1,5,2,8,0,0,0,0,0
300,31,1,6,0,0,2,4,0,0,0
300,32,1,7,0,5,1,2,0,0,0
300,33,1,8,6,10,2,2,0,0,0
300,34,1,9,0,0,0,2,1,0,3
300,35,1,10,24,1,0,0,0,0,0
300,36,1,11,16,1,0,0,0,0,1
300,37,1,12,1,1,4,0,0,0,0
300,38,1,13,0,0,0,0,0,0,0
300,39,1,14,0,21,1,0,0,0,2
300,40,1,15,7,3,0,0,0,0,0
300,41,1,16,0,0,1,5,0,0,0
300,42,1,17,0,3,0,1,0,0,1
300,43,1,18,39,0,0,2,0,0,0
300,44,1,19,0,5,0,0,0,0,0
300,45,1,20,1,18,0,0,0,0,0
300,46,1,21,23,13,0,0,0,0,0
300,47,1,22,22,39,0,0,0,0,0
300,48,1,23,4,25,0,0,0,0,0
300,49,1,24,0,0,0,2,0,1,1
300,50,2,0,0,0,1,1,1,0,3
300,51,2,1,0,0,0,0,0,0,1
300,52,2,2,0,0,2,0,0,0,3
300,53,2,3,0,0,1,0,0,0,0
300,54,2,4,0,0,0,0,0,0,1
300,55,2,5,2,0,0,0,0,0,0
300,56,2,6,0,0,0,1,0,0,0
300,57,2,7,25,0,0,0,0,0,2
300,58,2,8,48,0,0,0,0,0,0
300,59,2,9,0,6,0,1,0,0,0
300,60,2,10,0,0,3,0,0,1,1
300,61,2,11,14,0,4,2,0,0,2
300,62,2,12,1,0,2,1,0,0,0
300,63,2,13,14,1,1,1,0,0,2
300,64,2,14,0,30,1,0,0,0,0
300,65,2,15,0,0,2,2,0,0,0
300,66,2,16,9,3,1,1,0,0,0
300,67,2,17,1,1,1,0,0,0,0
300,68,2,18,18,10,0,0,0,0,1
300,69,2,19,0,18,0,0,0,0,0
300,70,2,20,1,12,0,1,0,0,0
300,71,2,21,2,1,1,1,0,0,0
300,72,2,22,10,32,3,0,0,0,0
300,73,2,23,42,1,1,0,0,0,0
300,74,2,24,28,10,0,0,0,0,0
300,75,3,0,0,0,2,1,0,0,0
300,76,3,1,1,2,0,1,0,0,0
300,77,3,2,18,0,1,0,0,0,0
300,78,3,3,9,2,0,3,0,0,0
300,79,3,4,0,13,4,0,0,0,0
300,80,3,5,0,30,0,0,0,0,0
300,81,3,6,29,22,1,5,0,0,0
300,82,3,7,4,6,0,0,0,0,0
300,83,3,8,0,1,0,4,0,0,1
300,84,3,9,0,28,0,0,0,0,0
300,85,3,10,3,0,1,0,0,0,0
300,86,3,11,0,0,0,0,0,0,1
300,87,3,12,0,0,0,2,0,0,0
300,88,3,13,1,0,1,1,0,0,0
300,89,3,14,0,0,1,0,0,0,0
300,90,3,15,1,17,2,0,0,0,2
300,91,3,16,0,0,1,1,0,0,0
300,92,3,17,0,17,0,0,0,0,0
300,93,3,18,1,0,0,0,0,0,0
300,94,3,19,7,23,0,0,0,0,0
300,95,3,20,28,0,0,5,0,0,0
300,96,3,21,3,22,3,2,0,0,2
300,97,3,22,39,47,0,0,0,0,0
300,98,3,23,7,2,0,0,0,0,0
300,99,3,24,14,0,1,0,0,0,0
300,100,4,0,0,0,1,1,0,0,0
300,101,4,1,3,0,0,0,0,0,0
300,102,4,2,0,17,1,0,0,0,2
300,103,4,3,0,13,1,0,0,0,0
300,104,4,4,3,30,0,1,0,0,0
300,105,4,5,0,0,0,1,0,0,0
300,106,4,6,7,24,1,1,0,0,0
300,107,4,7,0,4,0,0,0,0,0
300,108,4,8,6,9,1,1,0,0,2
300,109,4,9,3,0,1,1,0,0,0
300,110,4,10,37,2,0,1,0,0,0
300,111,4,11,0,21,1,1,0,0,0
300,112,4,12,0,0,0,0,0,0,0
300,113,4,13,1,0,3,1,0,0,0
300,114,4,14,4,32,1,0,0,0,0
300,115,4,15,5,1,0,1,0,0,0
300,116,4,16,28,27,0,1,0,0,0
300,117,4,17,1,0,0,1,0,0,0
300,118,4,18,0,15,1,1,0,0,0
300,119,4,19,35,1,0,0,0,0,0
300,120,4,20,17,3,0,1,0,0,0
300,121,4,21,5,0,0,1,0,0,0
300,122,4,22,26,5,0,0,0,0,0
300,123,4,23,29,0,0,0,0,0,0
300,124,4,24,0,3,1,6,0,0,1
300,125,5,0,2,0,1,1,0,1,1
300,126,5,1,23,2,1,3,0,0,0
300,127,5,2,3,11,1,0,0,0,0
300,128,5,3,13,17,1,0,0,0,0
300,129,5,4,2,1,2,1,0,0,0
300,130,5,5,0,38,1,0,0,0,1
300,131,5,6,6,2,1,1,0,0,0
300,132,5,7,0,1,0,0,0,0,0
300,133,5,8,0,36,1,0,0,0,0
300,134,5,9,2,0,0,1,0,0,0
300,135,5,10,0,1,1,0,0,0,0
300,136,5,11,0,5,2,0,0,0,1
300,137,5,12,0,0,0,0,1,0,1
300,138,5,13,0,1,0,1,0,0,0
300,139,5,14,0,3,1,1,0,0,0
300,140,5,15,0,29,1,0,0,0,0
300,141,5,16,33,2,0,0,0,0,0
300,142,5,17,0,0,2,2,0,0,0
300,143,5,18,7,36,0,0,0,0,0
300,144,5,19,18,0,0,2,0,0,0
300,145,5,20,15,37,0,0,0,0,0
300,146,5,21,23,26,0,0,0,0,0
300,147,5,22,32,35,0,3,0,0,0
300,148,5,23,13,3,3,0,0,0,0
300,149,5,24,5,0,2,4,0,0,0
300,150,6,0,0,13,1,0,0,0,0
300,151,6,1,13,0,0,0,0,0,3
300,152,6,2,0,1,1,0,0,0,1
300,153,6,3,0,6,1,0,0,0,0
300,154,6,4,26,21,0,0,0,0,0
300,155,6,5,31,0,0,0,0,0,0
300,156,6,6,13,0,1,0,0,0,0
300,157,6,7,1,22,3,0,0,0,0
300,158,6,8,3,14,0,2,0,0,0
300,159,6,9,0,0,1,0,0,0,0
300,160,6,10,9,0,1,0,0,0,0
300,161,6,11,20,0,1,1,0,0,0
300,162,6,12,0,10,2,0,0,0,0
300,163,6,13,0,32,0,0,0,0,0
300,164,6,14,0,0,0,0,0,0,0
300,165,6,15,8,0,2,1,0,0,0
300,166,6,16,0,21,1,0,0,0,0
300,167,6,17,10,2,0,0,0,0,1
300,168,6,18,0,2,1,1,0,0,0
300,169,6,19,26,15,0,0,0,0,0
300,170,6,20,27,29,2,0,0,0,0
300,171,6,21,29,28,1,1,0,0,0
300,172,6,22,19,12,0,1,0,0,0
300,173,6,23,7,0,0,0,0,0,0
300,174,6,24,0,0,1,0,0,0,1
300,175,7,0,0,6,0,2,0,0,1
300,176,7,1,15,7,1,0,0,0,0
300,177,7,2,2,23,0,0,0,0,0
300,178,7,3,0,0,0,0,0,0,0
300,179,7,4,26,0,0,2,0,0,0
300,180,7,5,29,1,0,0,0,0,0
300,181,7,6,1,1,0,0,0,0,0
300,182,7,7,26,6,0,1,0,0,1
300,183,7,8,5,0,0,0,0,0,0
300,184,7,9,0,6,1,0,0,0,0
300,185,7,10,0,0,0,0,0,0,0
300,186,7,11,2,5,2,1,0,0,0
300,187,7,12,8,26,0,1,0,0,0
300,188,7,13,0,0,0,0,0,0,0
300,189,7,14,3,15,0,1,0,0,0
300,190,7,15,22,16,1,0,0,0,1
300,191,7,16,0,0,1,4,0,0,0
300,192,7,17,0,0,0,0,0,0,0
300,193,7,18,0,20,1,1,0,0,0
300,194,7,19,8,0,0,0,0,0,0
300,195,7,20,20,4,0,0,0,0,0
300,196,7,21,17,0,0,0,0,0,0
300,197,7,22,14,4,2,0,0,0,0
300,198,7,23,3,1,4,1,0,0,0
300,199,7,24,0,1,2,0,0,0,0
300,200,8,0,0,1,0,0,0,0,0
300,201,8,1,10,0,0,1,0,0,0
300,202,8,2,45,21,1,1,0,0,0
300,203,8,3,3,2,1,0,0,0,0
300,204,8,4,35,8,0,0,0,1,2
300,205,8,5,13,3,0,2,0,0,0
300,206,8,6,5,0,0,1,0,0,1
300,207,8,7,1,10,2,0,0,0,0
300,208,8,8,1,0,0,1,0,0,1
300,209,8,9,0,1,0,2,0,0,0
300,210,8,10,9,0,0,1,0,0,0
300,211,8,11,1,15,0,1,0,0,0
300,212,8,12,0,11,0,0,0,0,0
300,213,8,13,1,0,3,1,0,0,0
300,214,8,14,0,0,0,1,0,0,0
300,215,8,15,5,9,0,0,0,0,0
300,216,8,16,25,5,0,0,0,0,0
300,217,8,17,24,4,0,0,0,0,0
300,218,8,18,11,0,2,1,0,0,0
300,219,8,19,29,7,0,0,0,0,0
300,220,8,20,2,9,1,0,0,0,0
300,221,8,21,0,25,1,0,0,0,0
300,222,8,22,11,30,1,0,0,0,0
300,223,8,23,0,2,0,0,0,0,0
300,224,8,24,25,27,0,2,0,0,0
300,225,9,0,0,0,0,2,0,0,0
300,226,9,1,3,0,1,2,0,0,0
300,227,9,2,2,15,0,1,0,0,0
300,228,9,3,4,8,0,0,0,0,0
300,229,9,4,0,23,3,0,0,0,4
300,230,9,5,4,16,0,1,0,0,0
300,231,9,6,0,0,0,0,0,0,0
300,232,9,7,6,0,0,2,0,0,0
300,233,9,8,9,7,0,1,0,0,0
300,234,9,9,36,0,1,1,0,0,0
300,235,9,10,11,24,0,0,0,0,0
300,236,9,11,0,17,0,0,0,0,0
300,237,9,12,6,4,1,1,0,0,0
300,238,9,13,0,0,1,2,0,0,0
300,239,9,14,22,1,0,1,0,0,0
300,240,9,15,33,1,0,5,0,0,0
300,241,9,16,26,0,0,0,0,0,0
300,242,9,17,41,0,0,0,0,0,0
300,243,9,18,24,3,0,0,0,0,0
300,244,9,19,1,3,4,0,0,0,0
300,245,9,20,27,28,2,0,0,0,0
300,246,9,21,30,27,0,1,0,0,0
300,247,9,22,3,29,0,1,0,0,0
300,248,9,23,28,48,0,0,0,0,0
300,249,9,24,48,12,0,0,0,0,0
300,250,10,0,0,0,3,1,0,0,0
300,251,10,1,4,0,0,1,0,0,0
300,252,10,2,0,0,0,1,0,0,0
300,253,10,3,0,5,0,0,0,0,0
300,254,10,4,0,3,4,1,0,0,0
300,255,10,5,3,0,2,0,0,0,0
300,256,10,6,0,23,0,0,0,0,0
300,257,10,7,0,7,1,0,0,0,0
300,258,10,8,0,0,1,0,0,0,0
300,259,10,9,8,24,0,0,0,0,0
300,260,10,10,9,0,1,3,0,0,0
300,261,10,11,0,0,2,0,0,0,0
300,262,10,12,5,0,1,0,0,0,1
300,263,10,13,4,11,1,0,0,0,0
300,264,10,14,24,0,0,1,0,0,0
300,265,10,15,28,0,0,3,0,0,0
300,266,10,16,10,1,2,1,0,0,3
300,267,10,17,39,0,0,0,0,0,0
300,268,10,18,26,1,0,1,0,0,0
300,269,10,19,24,12,3,2,0,0,0
300,270,10,20,16,17,0,0,0,0,0
300,271,10,21,1,4,1,3,0,0,2
300,272,10,22,27,38,0,0,0,0,0
300,273,10,23,20,0,0,1,0,0,0
300,274,10,24,1,22,0,0,0,0,0
300,275,11,0,3,0,2,0,0,0,0
300,276,11,1,0,2,1,0,0,0,0
300,277,11,2,1,3,0,2,0,0,0
300,278,11,3,19,14,0,1,0,0,0
300,279,11,4,7,0,0,0,0,0,0
300,280,11,5,16,0,1,2,0,0,0
300,281,11,6,0,2,2,0,0,0,0
300,282,11,7,16,0,3,0,0,0,0
300,283,11,8,0,2,0,1,0,0,0
300,284,11,9,0,2,2,0,0,0,0
300,285,11,10,9,8,3,2,0,0,3
300,286,11,11,20,45,0,1,0,0,1
300,287,11,12,27,15,0,0,0,0,0
300,288,11,13,26,0,1,1,0,0,0
300,289,11,14,48,0,0,3,0,0,0
300,290,11,15,13,8,2,0,0,0,0
300,291,11,16,3,18,1,0,0,0,0
300,292,11,17,28,5,5,0,0,0,0
300,293,11,18,2,0,1,2,0,0,0
300,294,11,19,10,0,1,1,0,0,0
300,295,11,20,0,10,0,0,0,0,0
300,296,11,21,0,24,1,2,0,0,0
300,297,11,22,27,4,0,1,0,0,0
300,298,11,23,25,26,0,1,0,0,0
300,299,11,24,0,22,0,2,0,0,0
300,300,12,0,0,0,4,3,0,0,0
300,301,12,1,0,21,0,0,0,0,0
300,302,12,2,0,15,1,1,0,0,0
300,303,12,3,29,11,0,0,0,0,1
300,304,12,4,1,0,0,2,0,0,0
300,305,12,5,0,22,3,0,0,0,2
300,306,12,6,8,17,0,1,0,0,0
300,307,12,7,0,1,1,2,0,0,1
300,308,12,8,18,6,0,4,0,0,3
300,309,12,9,4,5,0,0,0,0,0
300,310,12,10,38,1,1,1,0,0,0
300,311,12,11,37,11,0,0,0,0,1
300,312,12,12,50,3,0,1,0,0,0
300,313,12,13,22,30,0,0,0,0,0
300,314,12,14,0,10,0,0,0,0,0
300,315,12,15,41,0,0,1,0,0,0
300,316,12,16,42,1,1,0,0,0,0
300,317,12,17,39,12,0,1,0,0,0
300,318,12,18,13,0,2,2,0,0,0
300,319,12,19,1,15,0,0,0,0,0
300,320,12,20,11,26,3,3,0,0,0
300,321,12,21,3,1,0,1,0,0,0
300,322,12,22,22,41,0,0,0,0,0
300,323,12,23,35,25,0,1,0,0,0
300,324,12,24,2,17,4,0,0,0,0
300,325,13,0,0,0,0,1,0,0,0
300,326,13,1,25,1,1,1,0,0,0
300,327,13,2,2,0,0,0,0,0,0
300,328,13,3,0,2,0,0,0,0,0
300,329,13,4,2,0,0,0,0,0,0
300,330,13,5,0,0,1,2,0,0,0
300,331,13,6,2,7,0,0,0,0,0
300,332,13,7,5,0,0,1,0,0,0
300,333,13,8,10,0,1,1,0,0,0
300,334,13,9,0,4,0,1,0,0,0
300,335,13,10,42,0,0,6,0,0,0
300,336,13,11,43,8,0,0,0,0,0
300,337,13,12,48,0,0,1,0,0,0
300,338,13,13,17,22,0,1,0,0,0
300,339,13,14,19,1,1,3,0,0,0
300,340,13,15,24,0,0,1,0,0,0
300,341,13,16,33,0,0,3,0,0,0
300,342,13,17,22,1,0,1,0,0,0
300,343,13,18,2,3,1,1,0,0,0
300,344,13,19,14,32,1,0,0,0,0
300,345,13,20,36,23,0,0,0,0,0
300,346,13,21,33,0,3,1,0,0,0
300,347,13,22,25,21,1,0,0,0,0
300,348,13,23,19,31,0,0,0,0,0
300,349,13,24,7,1,0,1,0,0,0
300,350,14,0,0,0,2,0,0,0,1
300,351,14,1,1,12,2,0,0,0,0
300,352,14,2,0,0,0,0,0,0,0
300,353,14,3,0,20,0,0,0,0,0
300,354,14,4,22,3,0,0,0,0,0
300,355,14,5,0,31,1,0,0,0,0
300,356,14,6,0,12,2,0,0,0,0
300,357,14,7,36,8,2,0,0,0,0
300,358,14,8,22,27,1,0,0,0,4
300,359,14,9,11,23,0,1,0,0,0
300,360,14,10,44,7,0,3,0,0,0
300,361,14,11,42,7,0,0,0,0,0
300,362,14,12,22,7,0,0,0,0,0
300,363,14,13,0,0,0,1,0,0,0
300,364,14,14,40,27,0,2,0,0,0
300,365,14,15,34,25,2,0,0,0,3
300,366,14,16,30,18,1,0,0,0,0
300,367,14,17,13,13,0,0,0,0,0
300,368,14,18,2,9,0,1,0,0,0
300,369,14,19,2,32,0,1,0,0,0
300,370,14,20,12,10,1,1,0,0,0
300,371,14,21,1,17,1,1,0,0,0
300,372,14,22,7,50,0,0,0,0,0
300,373,14,23,0,1,0,0,0,0,0
300,374,14,24,4,4,0,4,0,0,0
300,375,15,0,2,0,1,3,0,0,0
300,376,15,1,0,0,0,0,1,0,1
300,377,15,2,9,1,0,0,0,0,0
300,378,15,3,30,23,0,0,0,0,0
300,379,15,4,1,0,1,1,0,0,0
300,380,15,5,0,2,1,0,0,0,0
300,381,15,6,31,1,1,0,0,0,1
300,382,15,7,2,0,1,1,0,0,0
300,383,15,8,28,18,0,1,0,0,0
300,384,15,9,4,17,0,1,0,0,1
300,385,15,10,12,7,0,2,0,0,0
300,386,15,11,11,12,0,1,0,0,0
300,387,15,12,38,9,0,0,0,0,0
300,388,15,13,30,18,1,0,0,0,0
300,389,15,14,3,0,0,2,0,0,0
300,390,15,15,0,0,0,0,0,0,0
300,391,15,16,0,26,0,1,0,0,0
300,392,15,17,19,1,0,0,0,0,0
300,393,15,18,9,26,0,0,0,0,0
300,394,15,19,22,23,0,1,0,0,0
300,395,15,20,26,7,0,1,0,0,0
300,396,15,21,22,19,0,0,0,0,0
300,397,15,22,15,25,0,1,0,0,0
300,398,15,23,3,14,1,0,0,0,0
300,399,15,24,0,0,2,2,0,0,0
300,400,16,0,2,0,0,0,0,0,0
300,401,16,1,3,4,1,0,0,0,0
300,402,16,2,0,0,0,0,0,0,0
300,403,16,3,0,0,1,1,0,0,0
300,404,16,4,1,0,0,1,0,0,0
300,405,16,5,2,0,1,3,0,0,0
300,406,16,6,12,3,0,0,0,0,1
300,407,16,7,0,0,0,3,0,0,1
300,408,16,8,25,2,1,0,0,0,0
300,409,16,9,8,19,0,0,0,0,0
300,410,16,10,34,2,0,1,0,0,0
300,411,16,11,11,25,0,0,0,0,0
300,412,16,12,38,16,0,0,0,0,0
300,413,16,13,0,10,0,1,0,0,0
300,414,16,14,14,13,0,0,0,0,0
300,415,16,15,30,0,0,0,0,0,0
300,416,16,16,2,6,5,0,0,0,0
300,417,16,17,8,0,0,1,0,0,2
300,418,16,18,11,17,0,0,0,0,0
300,419,16,19,7,14,0,0,0,0,0
300,420,16,20,0,50,0,0,0,0,0
300,421,16,21,0,31,1,0,0,0,0
300,422,16,22,26,25,2,0,0,0,0
300,423,16,23,26,0,0,0,0,0,0
300,424,16,24,14,28,2,0,0,0,0
300,425,17,0,0,0,1,0,0,0,0
300,426,17,1,2,0,0,0,0,0,0
300,427,17,2,2,41,0,0,0,0,0
300,428,17,3,0,0,2,0,0,0,0
300,429,17,4,5,21,0,1,1,0,2
300,430,17,5,0,16,0,3,1,0,2
300,431,17,6,15,3,2,1,0,0,0
300,432,17,7,50,19,0,0,0,0,0
300,433,17,8,0,9,0,1,0,0,0
300,434,17,9,0,0,1,1,0,0,0
300,435,17,10,39,0,0,0,0,0,0
300,436,17,11,38,1,0,2,0,0,0
300,437,17,12,0,0,2,0,0,0,1
300,438,17,13,34,2,0,1,0,0,0
300,439,17,14,23,26,2,1,0,0,0
300,440,17,15,0,0,0,0,0,0,0
300,441,17,16,0,37,1,0,0,0,0
300,442,17,17,0,1,1,0,0,0,0
300,443,17,18,31,31,1,3,0,0,1
300,444,17,19,27,1,0,1,0,0,0
300,445,17,20,14,15,0,0,0,0,0
300,446,17,21,4,30,0,0,0,0,0
300,447,17,22,19,9,0,0,0,0,0
300,448,17,23,0,8,1,0,0,0,0
300,449,17,24,32,0,0,0,0,0,0
300,450,18,0,0,0,1,2,0,0,0
300,451,18,1,0,2,0,0,0,0,0
300,452,18,2,22,36,0,0,0,0,0
300,453,18,3,1,2,0,1,0,0,0
300,454,18,4,9,0,0,0,0,0,0
300,455,18,5,0,0,3,2,0,0,0
300,456,18,6,0,0,0,4,0,0,0
300,457,18,7,27,1,0,0,0,0,0
300,458,18,8,4,14,1,0,0,0,0
300,459,18,9,36,3,0,2,0,0,0
300,460,18,10,0,0,2,1,0,0,0
300,461,18,11,39,28,0,4,0,0,0
300,462,18,12,31,1,0,0,0,0,0
300,463,18,13,18,17,0,0,0,0,0
300,464,18,14,0,4,1,0,0,0,0
300,465,18,15,22,31,0,0,0,0,1
300,466,18,16,14,0,3,0,0,0,0
300,467,18,17,0,4,5,0,0,0,0
300,468,18,18,26,2,0,0,0,0,0
300,469,18,19,8,9,1,0,0,0,0
300,470,18,20,33,5,0,0,0,0,0
300,471,18,21,0,45,0,1,0,0,0
300,472,18,22,1,37,0,0,0,0,0
300,473,18,23,34,0,0,0,0,0,0
300,474,18,24,0,41,0,1,0,0,0
300,475,19,0,0,0,0,2,0,0,0
300,476,19,1,17,32,0,0,0,0,0
300,477,19,2,1,39,1,0,0,0,0
300,478,19,3,1,2,0,2,0,0,0
300,479,19,4,29,5,0,0,0,0,0
300,480,19,5,1,0,1,2,0,0,0
300,481,19,6,18,3,1,0,0,0,0
300,482,19,7,0,0,0,1,0,0,0
300,483,19,8,0,1,2,0,0,0,0
300,484,19,9,1,15,1,0,0,0,0
300,485,19,10,32,3,0,0,0,0,0
300,486,19,11,43,3,0,1,0,0,0
300,487,19,12,34,0,0,0,0,0,0
300,488,19,13,18,0,0,3,0,0,0
300,489,19,14,5,1,1,0,0,0,0
300,490,19,15,38,0,0,0,0,0,0
300,491,19,16,0,31,1,1,0,0,0
300,492,19,17,35,12,0,1,0,0,0
300,493,19,18,25,0,0,1,0,0,0
300,494,19,19,34,17,0,2,0,0,0
300,495,19,20,7,2,0,2,0,0,0
300,496,19,21,0,12,0,0,0,0,0
300,497,19,22,9,34,1,0,0,0,0
300,498,19,23,45,0,0,1,0,0,1
300,499,19,24,21,3,0,1,0,0,0
300,500,20,0,0,0,0,3,0,0,0
300,501,20,1,0,0,2,1,0,0,0
300,502,20,2,6,0,0,1,0,0,0
300,503,20,3,16,0,0,3,0,0,0
300,504,20,4,0,20,1,0,0,0,2
300,505,20,5,40,35,0,0,0,0,0
300,506,20,6,5,8,7,0,0,0,0
300,507,20,7,21,3,2,1,0,0,0
300,508,20,8,23,0,1,2,0,0,3
300,509,20,9,35,0,0,2,0,0,0
300,510,20,10,8,0,0,1,0,0,0
300,511,20,11,28,14,4,0,0,0,0
300,512,20,12,24,9,0,1,0,0,0
300,513,20,13,26,5,0,0,0,0,1
300,514,20,14,7,9,1,1,0,0,0
300,515,20,15,6,0,3,0,0,0,0
300,516,20,16,11,0,0,0,0,0,0
300,517,20,17,7,2,1,0,0,0,0
300,518,20,18,0,19,1,0,0,0,0
300,519,20,19,15,15,0,0,0,0,0
300,520,20,20,19,0,0,1,0,0,0
300,521,20,21,12,30,0,0,0,0,1
300,522,20,22,42,35,0,1,0,0,0
300,523,20,23,0,4,0,2,0,0,0
300,524,20,24,1,17,0,0,0,0,0
300,525,21,0,0,1,2,1,0,0,0
300,526,21,1,0,0,1,1,0,0,0
300,527,21,2,2,41,1,0,0,0,0
300,528,21,3,7,2,0,0,0,0,0
300,529,21,4,0,28,1,0,0,0,0
300,530,21,5,10,23,0,0,0,0,0
300,531,21,6,10,4,0,0,0,0,0
300,532,21,7,11,0,0,1,0,0,0
300,533,21,8,2,31,1,0,0,0,0
300,534,21,9,1,18,0,1,0,0,0
300,535,21,10,15,34,1,0,0,0,0
300,536,21,11,8,2,1,0,0,0,0
300,537,21,12,24,0,1,0,0,0,0
300,538,21,13,0,4,0,2,0,0,0
300,539,21,14,5,18,0,2,0,0,0
300,540,21,15,38,12,0,2,0,0,0
300,541,21,16,14,0,0,0,0,0,0
300,542,21,17,6,0,5,0,0,0,0
300,543,21,18,5,0,1,4,0,0,0
300,544,21,19,30,1,0,1,0,0,0
300,545,21,20,5,12,1,0,0,0,0
300,546,21,21,3,3,1,0,0,0,0
300,547,21,22,17,50,0,0,0,0,0
300,548,21,23,19,5,0,0,0,0,0
300,549,21,24,13,18,2,0,0,0,0
300,550,22,0,16,21,0,2,0,0,0
300,551,22,1,23,21,0,0,0,0,0
300,552,22,2,1,21,1,0,0,0,0
300,553,22,3,20,0,0,1,0,0,0
300,554,22,4,11,29,1,0,0,0,0
300,555,22,5,5,0,1,0,0,0,0
300,556,22,6,0,34,2,0,0,0,1
300,557,22,7,3,0,0,1,0,0,0
300,558,22,8,1,9,0,0,0,0,2
300,559,22,9,25,0,2,0,0,0,0
300,560,22,10,0,4,1,0,0,0,0
300,561,22,11,0,0,1,0,0,0,0
300,562,22,12,0,0,0,1,0,0,2
300,563,22,13,7,1,1,0,0,0,0
300,564,22,14,29,15,0,0,0,0,0
300,565,22,15,15,0,0,3,0,0,0
300,566,22,16,32,10,1,0,0,0,0
300,567,22,17,2,6,0,0,0,0,0
300,568,22,18,25,0,0,0,0,0,0
300,569,22,19,10,2,0,0,0,0,0
300,570,22,20,35,1,0,0,0,1,2
300,571,22,21,34,0,1,0,0,0,0
300,572,22,22,28,6,0,0,0,0,0
300,573,22,23,18,31,0,1,0,0,0
300,574,22,24,2,11,2,0,0,0,0
300,575,23,0,2,0,1,1,0,0,0
300,576,23,1,5,1,2,2,0,0,0
300,577,23,2,0,1,3,0,0,0,0
300,578,23,3,11,14,1,1,0,0,0
300,579,23,4,21,0,1,1,0,0,0
300,580,23,5,37,5,0,1,0,0,0
300,581,23,6,3,12,0,0,0,0,0
300,582,23,7,19,27,0,0,0,0,0
300,583,23,8,0,8,0,2,0,0,0
300,584,23,9,2,4,0,1,0,0,0
300,585,23,10,0,0,0,0,0,0,0
300,586,23,11,0,23,1,0,0,0,0
300,587,23,12,32,25,0,1,0,0,1
300,588,23,13,9,31,1,0,0,0,3
300,589,23,14,27,1,0,0,0,0,0
300,590,23,15,39,1,0,1,0,0,0
300,591,23,16,41,16,1,0,0,0,0
300,592,23,17,22,1,1,1,0,0,0
300,593,23,18,10,23,1,3,0,0,0
300,594,23,19,5,13,0,0,0,0,0
300,595,23,20,23,14,0,0,0,0,0
300,596,23,21,41,3,0,1,0,0,0
300,597,23,22,34,13,1,0,0,0,0
300,598,23,23,5,26,3,1,0,0,0
300,599,23,24,0,24,0,0,0,0,0
300,600,24,0,0,2,2,2,0,0,0
300,601,24,1,0,2,1,1,0,0,0
300,602,24,2,1,1,0,0,0,0,0
300,603,24,3,12,3,0,0,0,0,1
300,604,24,4,2,18,1,1,0,0,3
300,605,24,5,1,40,0,1,0,0,0
300,606,24,6,6,22,0,0,0,0,0
300,607,24,7,0,39,0,0,0,0,0
300,608,24,8,11,14,1,0,0,0,1
300,609,24,9,25,0,1,2,0,0,0
300,610,24,10,4,2,2,0,0,0,2
300,611,24,11,0,0,0,0,0,0,0
300,612,24,12,15,4,0,0,0,1,1
300,613,24,13,31,5,0,0,0,0,0
300,614,24,14,1,6,0,0,0,0,0
300,615,24,15,24,44,1,2,0,0,0
300,616,24,16,22,2,1,0,0,0,0
300,617,24,17,10,7,0,0,0,0,0
300,618,24,18,25,0,0,0,0,0,0
300,619,24,19,14,6,0,3,0,0,0
300,620,24,20,29,0,0,0,0,0,1
300,621,24,21,24,18,2,0,0,0,0
300,622,24,22,34,34,0,0,0,0,0
300,623,24,23,29,30,0,0,0,0,0
300,624,24,24,18,7,0,1,0,0,0
400,0,0,0,0,0,0,0,0,0,4
400,1,0,1,0,0,0,0,0,0,1
400,2,0,2,29,0,3,0,0,0,0
400,3,0,3,0,0,2,1,0,0,0
400,4,0,4,1,0,0,1,0,0,0
400,5,0,5,24,15,2,0,0,0,0
400,6,0,6,13,0,1,1,0,0,1
400,7,0,7,3,20,0,0,0,0,5
400,8,0,8,0,12,1,1,0,0,0
400,9,0,9,3,3,1,0,0,0,0
400,10,0,10,0,16,0,1,0,0,0
400,11,0,11,0,0,0,0,0,0,0
400,12,0,12,9,15,0,0,0,0,0
400,13,0,13,0,0,1,0,0,0,0
400,14,0,14,0,0,0,3,0,0,1
400,15,0,15,29,21,1,0,0,0,0
400,16,0,16,0,3,0,0,0,0,0
400,17,0,17,3,0,4,2,0,0,0
400,18,0,18,0,5,0,0,0,0,1
400,19,0,19,4,23,0,2,0,0,1
400,20,0,20,30,0,0,1,0,0,0
400,21,0,21,1,0,0,0,0,0,0
400,22,0,22,26,27,0,0,0,0,0
400,23,0,23,0,1,0,1,0,0,0
400,24,0,24,0,4,0,0,0,0,1
400,25,1,0,22,0,0,4,0,0,1
400,26,1,1,30,12,1,0,0,0,0
400,27,1,2,2,7,1,1,0,0,0
400,28,1,3,36,42,0,0,0,0,2
400,29,1,4,18,16,0,2,1,0,4
400,30,1,5,3,2,0,0,0,0,0
400,31,1,6,0,9,6,0,0,0,0
400,32,1,7,0,18,0,0,0,0,0
400,33,1,8,7,15,0,0,0,1,1
400,34,1,9,34,40,0,1,0,0,1
400,35,1,10,0,7,0,2,0,0,0
400,36,1,11,6,15,1,0,0,0,0
400,37,1,12,21,4,0,0,0,0,2
400,38,1,13,7,22,1,1,0,0,1
400,39,1,14,3,0,1,0,0,0,0
400,40,1,15,4,32,1,1,0,0,0
400,41,1,16,0,14,0,0,0,0,0
400,42,1,17,23,0,0,0,0,0,0
400,43,1,18,36,5,0,0,0,0,0
400,44,1,19,39,8,0,1,0,0,0
400,45,1,20,28,14,0,1,0,0,0
400,46,1,21,24,38,0,0,0,0,0
400,47,1,22,27,12,0,0,0,0,3
400,48,1,23,39,36,0,0,0,0,0
400,49,1,24,15,29,0,0,0,0,0
400,50,2,0,0,0,2,1,0,0,0
400,51,2,1,4,11,0,0,0,0,0
400,52,2,2,1,1,0,0,0,0,1
400,53,2,3,44,8,0,1,0,0,0
400,54,2,4,50,13,0,1,0,1,2
400,55,2,5,11,48,1,0,0,0,0
400,56,2,6,28,1,0,3,0,0,0
400,57,2,7,2,1,0,0,0,0,0
400,58,2,8,0,37,1,0,0,0,1
400,59,2,9,27,26,1,0,0,0,0
400,60,2,10,8,19,2,0,0,0,0
400,61,2,11,0,1,0,0,0,0,0
400,62,2,12,5,14,3,5,0,0,0
400,63,2,13,0,11,1,0,0,0,0
400,64,2,14,18,1,1,0,0,0,0
400,65,2,15,27,8,0,0,0,0,3
400,66,2,16,4,3,0,1,0,0,0
400,67,2,17,35,0,0,0,0,0,0
400,68,2,18,13,28,1,0,0,0,1
400,69,2,19,43,31,0,0,0,0,0
400,70,2,20,34,45,4,0,0,0,0
400,71,2,21,35,31,0,1,0,0,0
400,72,2,22,14,21,1,0,0,0,0
400,73,2,23,22,39,0,0,0,0,0
400,74,2,24,0,18,1,0,0,0,0
400,75,3,0,4,0,0,1,0,0,0
400,76,3,1,47,0,0,0,0,0,0
400,77,3,2,28,0,0,0,0,0,0
400,78,3,3,0,0,1,0,0,0,0
400,79,3,4,0,16,3,0,0,0,0
400,80,3,5,23,3,0,1,0,0,0
400,81,3,6,17,21,0,1,0,0,0
400,82,3,7,15,0,0,1,0,0,0
400,83,3,8,0,32,4,0,0,0,1
400,84,3,9,0,0,3,1,0,0,0
400,85,3,10,10,1,0,0,0,0,0
400,86,3,11,0,0,2,2,0,0,0
400,87,3,12,9,9,0,0,0,0,0
400,88,3,13,41,21,0,0,0,0,0
400,89,3,14,37,3,0,1,0,0,0
400,90,3,15,0,38,3,0,0,0,0
400,91,3,16,39,2,0,0,0,1,3
400,92,3,17,0,23,3,1,0,0,0
400,93,3,18,6,14,0,1,0,0,0
400,94,3,19,26,26,0,1,0,0,0
400,95,3,20,13,2,0,0,0,0,2
400,96,3,21,32,3,0,3,0,0,0
400,97,3,22,22,45,1,0,0,0,0
400,98,3,23,21,0,0,2,0,0,1
400,99,3,24,49,11,0,0,0,0,0
400,100,4,0,0,0,0,0,1,0,1
400,101,4,1,0,1,2,1,0,0,1
400,102,4,2,13,1,1,2,0,0,2
400,103,4,3,2,0,0,1,0,0,0
400,104,4,4,17,2,0,1,0,0,0
400,105,4,5,23,21,2,0,0,0,1
400,106,4,6,11,20,0,0,0,0,0
400,107,4,7,29,9,4,0,0,0,0
400,108,4,8,26,0,0,2,0,0,0
400,109,4,9,20,1,0,4,0,0,1
400,110,4,10,12,8,0,2,0,0,0
400,111,4,11,10,0,1,0,0,0,0
400,112,4,12,38,36,0,0,0,0,0
400,113,4,13,23,37,0,0,0,0,0
400,114,4,14,9,4,1,1,0,0,0
400,115,4,15,5,11,1,0,0,0,0
400,116,4,16,33,21,2,3,0,0,0
400,117,4,17,35,0,0,0,0,0,0
400,118,4,18,39,31,0,1,0,0,0
400,119,4,19,38,5,0,0,0,0,0
400,120,4,20,47,17,0,2,0,0,0
400,121,4,21,23,4,0,0,0,0,0
400,122,4,22,37,12,0,1,0,0,0
400,123,4,23,31,3,0,0,0,0,0
400,124,4,24,27,42,0,0,0,0,0
400,125,5,0,0,0,0,1,0,0,0
400,126,5,1,19,12,0,0,0,0,2
400,127,5,2,0,0,2,0,0,0,1
400,128,5,3,0,17,0,0,0,0,0
400,129,5,4,0,0,0,0,0,0,0
400,130,5,5,21,37,1,0,0,0,0
400,131,5,6,14,50,0,0,0,0,0
400,132,5,7,0,15,2,0,0,0,0
400,133,5,8,0,3,0,0,0,0,0
400,134,5,9,1,0,1,2,0,0,0
400,135,5,10,46,16,1,1,0,0,0
400,136,5,11,0,13,2,1,0,0,1
400,137,5,12,15,39,2,1,0,0,0
400,138,5,13,46,4,0,2,0,0,0
400,139,5,14,5,6,1,0,0,0,0
400,140,5,15,20,10,0,1,0,0,0
400,141,5,16,7,22,0,0,0,0,0
400,142,5,17,6,33,0,2,0,0,0
400,143,5,18,43,4,0,0,0,0,0
400,144,5,19,39,50,0,0,0,0,3
400,145,5,20,34,7,0,5,0,0,1
400,146,5,21,32,7,0,3,0,0,0
400,147,5,22,50,32,0,1,0,0,0
400,148,5,23,0,3,0,2,0,0,1
400,149,5,24,1,0,0,0,0,0,0
400,150,6,0,2,0,1,1,0,0,1
400,151,6,1,2,33,1,0,0,0,0
400,152,6,2,12,15,0,0,0,0,0
400,153,6,3,24,1,0,1,0,0,1
400,154,6,4,13,27,0,0,0,0,0
400,155,6,5,0,17,1,1,0,0,1
400,156,6,6,19,6,2,0,0,0,0
400,157,6,7,28,3,1,0,0,0,0
400,158,6,8,25,1,0,1,0,0,0
400,159,6,9,13,10,0,1,0,0,0
400,160,6,10,0,41,2,0,0,0,0
400,161,6,11,16,22,0,2,0,0,0
400,162,6,12,15,31,1,0,0,0,0
400,163,6,13,11,2,2,0,0,0,0
400,164,6,14,8,10,0,0,0,0,0
400,165,6,15,32,8,2,1,0,0,0
400,166,6,16,2,32,0,2,0,0,0
400,167,6,17,0,40,2,0,0,0,0
400,168,6,18,33,0,1,9,0,0,0
400,169,6,19,48,17,0,0,0,0,0
400,170,6,20,4,9,3,2,0,0,0
400,171,6,21,2,1,1,1,0,0,0
400,172,6,22,42,37,0,1,0,0,0
400,173,6,23,40,12,0,0,0,0,0
400,174,6,24,21,4,0,0,0,0,1
400,175,7,0,15,0,1,0,0,0,0
400,176,7,1,40,3,1,2,0,0,0
400,177,7,2,1,6,4,1,0,0,0
400,178,7,3,26,25,0,0,0,0,0
400,179,7,4,5,3,3,0,0,0,0
400,180,7,5,4,0,2,1,0,0,0
400,181,7,6,1,13,0,0,0,0,0
400,182,7,7,33,0,3,0,0,0,4
400,183,7,8,2,3,1,0,0,0,0
400,184,7,9,14,33,0,0,1,0,3
400,185,7,10,23,4,0,0,0,0,1
400,186,7,11,38,25,0,0,0,0,0
400,187,7,12,41,1,1,1,0,0,0
400,188,7,13,23,39,0,0,0,0,0
400,189,7,14,36,18,0,1,0,0,0
400,190,7,15,32,2,0,0,0,0,0
400,191,7,16,33,50,0,0,0,0,0
400,192,7,17,32,23,0,3,0,0,4
400,193,7,18,13,21,0,0,0,0,0
400,194,7,19,15,30,0,1,0,0,0
400,195,7,20,12,39,1,1,0,0,0
400,196,7,21,37,35,0,0,0,0,0
400,197,7,22,47,16,0,0,0,0,0
400,198,7,23,36,6,0,0,0,0,0
400,199,7,24,9,2,0,0,0,0,0
400,200,8,0,20,0,0,1,0,0,0
400,201,8,1,38,0,0,1,0,0,0
400,202,8,2,20,4,0,0,0,0,0
400,203,8,3,40,0,0,2,0,0,1
400,204,8,4,3,27,0,0,0,0,0
400,205,8,5,13,22,0,0,0,0,0
400,206,8,6,47,0,0,1,0,0,0
400,207,8,7,14,3,1,0,0,0,1
400,208,8,8,0,0,1,0,0,0,0
400,209,8,9,11,5,0,1,0,0,0
400,210,8,10,2,24,0,0,0,0,3
400,211,8,11,1,7,0,0,0,0,0
400,212,8,12,3,0,1,0,0,0,0
400,213,8,13,40,34,2,0,0,0,0
400,214,8,14,16,42,2,1,0,0,0
400,215,8,15,50,6,0,2,0,0,0
400,216,8,16,1,13,0,0,0,0,1
400,217,8,17,29,34,0,1,0,0,1
400,218,8,18,37,16,0,0,0,0,0
400,219,8,19,24,39,0,0,0,0,0
400,220,8,20,16,0,0,2,0,0,0
400,221,8,21,37,0,2,1,0,0,1
400,222,8,22,27,29,0,1,0,0,1
400,223,8,23,24,17,0,1,0,0,1
400,224,8,24,35,26,1,1,0,0,0
400,225,9,0,1,0,2,0,0,0,0
400,226,9,1,39,12,0,0,0,0,0
400,227,9,2,17,13,0,1,0,0,0
400,228,9,3,0,0,0,1,0,0,0
400,229,9,4,27,11,0,0,0,0,1
400,230,9,5,23,3,0,2,0,0,0
400,231,9,6,22,3,1,1,0,0,0
400,232,9,7,16,2,0,1,0,0,0
400,233,9,8,13,46,0,0,0,0,0
400,234,9,9,1,0,0,1,0,0,0
400,235,9,10,3,0,0,1,0,0,0
400,236,9,11,2,3,1,0,0,0,1
400,237,9,12,1,25,0,0,0,0,0
400,238,9,13,30,16,0,3,0,0,0
400,239,9,14,5,22,1,0,0,0,0
400,240,9,15,30,32,0,0,0,0,0
400,241,9,16,29,14,0,0,0,0,3
400,242,9,17,22,24,0,0,0,0,0
400,243,9,18,6,22,0,1,0,0,2
400,244,9,19,0,26,1,0,0,0,0
400,245,9,20,5,28,0,0,0,0,3
400,246,9,21,43,11,0,0,0,0,0
400,247,9,22,23,42,0,0,0,0,0
400,248,9,23,34,3,0,2,0,0,0
400,249,9,24,16,0,0,1,0,0,0
400,250,10,0,6,1,2,0,0,0,0
400,251,10,1,19,0,0,2,0,0,0
400,252,10,2,6,37,1,0,0,0,0
400,253,10,3,38,1,0,2,0,0,0
400,254,10,4,17,27,1,2,0,0,0
400,255,10,5,31,43,0,0,0,0,0
400,256,10,6,23,19,0,0,0,0,0
400,257,10,7,30,3,0,0,0,0,2
400,258,10,8,1,18,0,2,0,0,0
400,259,10,9,18,10,0,1,0,0,3
400,260,10,10,41,23,0,0,0,0,0
400,261,10,11,33,15,2,1,0,0,1
400,262,10,12,3,6,1,0,0,0,0
400,263,10,13,13,32,0,1,0,0,0
400,264,10,14,30,36,0,0,0,0,0
400,265,10,15,27,32,0,2,0,0,0
400,266,10,16,22,26,0,0,0,0,0
400,267,10,17,28,3,0,0,0,0,0
400,268,10,18,0,2,0,0,0,0,0
400,269,10,19,10,6,1,0,0,0,0
400,270,10,20,14,46,0,1,0,0,0
400,271,10,21,28,0,0,0,0,0,0
400,272,10,22,26,35,0,0,0,0,0
400,273,10,23,40,28,0,0,0,0,0
400,274,10,24,17,12,7,0,0,0,0
400,275,11,0,2,11,0,0,0,0,0
400,276,11,1,23,0,2,0,0,0,1
400,277,11,2,9,3,3,0,0,0,0
400,278,11,3,21,1,0,0,0,0,0
400,279,11,4,22,9,0,0,0,0,0
400,280,11,5,31,3,0,0,0,0,0
400,281,11,6,42,50,0,0,0,0,0
400,282,11,7,0,14,1,0,0,0,1
400,283,11,8,18,20,0,0,0,0,0
400,284,11,9,13,12,0,1,0,0,0
400,285,11,10,2,31,0,0,0,0,0
400,286,11,11,5,0,1,1,0,0,0
400,287,11,12,7,33,1,1,0,0,1
400,288,11,13,0,34,1,2,0,0,3
400,289,11,14,22,37,1,0,0,0,0
400,290,11,15,12,31,0,1,0,0,0
400,291,11,16,43,39,0,0,0,0,0
400,292,11,17,24,15,0,0,0,0,0
400,293,11,18,18,32,0,0,0,0,0
400,294,11,19,2,23,0,1,0,0,1
400,295,11,20,44,31,0,0,0,0,0
400,296,11,21,43,50,0,0,0,0,0
400,297,11,22,12,27,0,0,0,0,0
400,298,11,23,10,0,0,2,0,0,0
400,299,11,24,25,2,0,1,0,0,0
400,300,12,0,1,0,2,3,0,1,1
400,301,12,1,16,3,0,0,0,0,0
400,302,12,2,2,17,0,0,0,0,0
400,303,12,3,39,20,0,0,0,0,1
400,304,12,4,22,0,0,1,0,0,0
400,305,12,5,23,0,0,0,0,0,0
400,306,12,6,1,0,0,0,0,0,0
400,307,12,7,19,32,2,0,0,0,2
400,308,12,8,27,17,0,0,0,0,0
400,309,12,9,24,2,3,1,0,0,0
400,310,12,10,20,36,0,0,0,0,0
400,311,12,11,14,12,0,0,0,0,0
400,312,12,12,23,25,0,0,0,0,3
400,313,12,13,40,16,4,2,0,0,0
400,314,12,14,0,20,0,0,0,0,0
400,315,12,15,0,44,1,0,0,0,0
400,316,12,16,33,15,0,7,0,0,0
400,317,12,17,30,28,3,0,0,0,0
400,318,12,18,13,38,0,0,0,0,0
400,319,12,19,25,33,0,0,0,0,0
400,320,12,20,16,0,0,2,0,0,0
400,321,12,21,0,16,4,0,0,0,0
400,322,12,22,35,16,0,0,0,0,0
400,323,12,23,32,0,0,1,0,0,0
400,324,12,24,31,11,0,1,0,0,0
400,325,13,0,0,20,0,1,0,0,0
400,326,13,1,0,0,0,0,0,0,2
400,327,13,2,25,20,1,0,0,0,1
400,328,13,3,22,31,1,0,0,0,0
400,329,13,4,19,0,3,0,0,0,0
400,330,13,5,2,9,0,1,0,0,0
400,331,13,6,0,24,0,0,0,0,0
400,332,13,7,1,0,1,0,0,0,0
400,333,13,8,41,9,0,0,0,0,1
400,334,13,9,14,40,3,0,0,0,0
400,335,13,10,40,32,0,0,0,0,0
400,336,13,11,22,16,1,1,0,0,0
400,337,13,12,31,29,2,0,0,0,1
400,338,13,13,35,27,0,0,0,0,0
400,339,13,14,44,5,5,4,0,0,0
400,340,13,15,26,34,0,0,0,0,0
400,341,13,16,28,50,0,0,0,0,0
400,342,13,17,4,17,1,0,0,0,0
400,343,13,18,0,37,0,0,0,0,0
400,344,13,19,18,8,1,0,0,0,0
400,345,13,20,8,22,0,0,0,0,0
400,346,13,21,11,15,0,0,0,0,0
400,347,13,22,18,23,0,0,0,0,0
400,348,13,23,41,15,1,1,0,0,0
400,349,13,24,50,1,0,0,0,0,0
400,350,14,0,16,0,1,1,0,0,0
400,351,14,1,15,16,1,0,0,0,0
400,352,14,2,5,12,0,2,0,0,0
400,353,14,3,3,49,0,0,0,0,2
400,354,14,4,28,8,0,0,0,0,0
400,355,14,5,35,0,1,4,0,0,0
400,356,14,6,28,13,0,0,0,0,0
400,357,14,7,28,4,2,1,0,0,0
400,358,14,8,3,35,1,0,0,0,0
400,359,14,9,30,35,0,0,0,0,0
400,360,14,10,29,21,0,2,0,0,0
400,361,14,11,33,14,0,0,0,0,0
400,362,14,12,28,23,0,0,0,0,0
400,363,14,13,16,8,1,0,0,0,0
400,364,14,14,15,43,0,2,0,0,0
400,365,14,15,32,37,0,0,0,0,0
400,366,14,16,20,39,0,0,0,0,0
400,367,14,17,6,39,3,0,0,0,0
400,368,14,18,37,24,0,0,0,0,0
400,369,14,19,44,2,0,0,0,0,0
400,370,14,20,38,5,0,0,0,0,0
400,371,14,21,23,34,0,0,0,0,1
400,372,14,22,29,26,0,0,0,0,1
400,373,14,23,21,9,0,2,0,0,0
400,374,14,24,21,50,0,0,0,0,0
400,375,15,0,18,2,0,0,0,0,4
400,376,15,1,18,27,0,3,0,0,0
400,377,15,2,41,9,0,0,0,0,1
400,378,15,3,31,0,1,0,0,0,0
400,379,15,4,27,43,0,0,0,0,0
400,380,15,5,13,19,0,1,0,0,1
400,381,15,6,8,34,1,0,0,0,0
400,382,15,7,20,43,1,0,0,0,0
400,383,15,8,49,34,0,0,0,0,0
400,384,15,9,47,28,0,0,0,0,0
400,385,15,10,41,23,0,0,0,0,0
400,386,15,11,30,8,1,0,0,0,0
400,387,15,12,17,50,0,0,0,0,0
400,388,15,13,6,18,1,0,0,0,0
400,389,15,14,31,8,0,2,0,0,0
400,390,15,15,23,27,0,0,0,0,0
400,391,15,16,16,16,2,0,0,0,0
400,392,15,17,7,28,0,0,0,0,0
400,393,15,18,3,15,1,0,0,0,0
400,394,15,19,0,2,0,0,0,0,0
400,395,15,20,27,14,0,1,0,0,0
400,396,15,21,43,12,0,0,0,0,0
400,397,15,22,11,25,2,0,0,0,0
400,398,15,23,8,31,0,0,0,0,0
400,399,15,24,19,4,0,0,0,0,3
400,400,16,0,6,1,2,0,0,0,0
400,401,16,1,0,24,0,1,0,0,0
400,402,16,2,6,11,0,0,0,0,0
400,403,16,3,0,26,0,0,0,0,2
400,404,16,4,0,6,0,1,0,0,0
400,405,16,5,1,23,0,0,0,0,0
400,406,16,6,6,37,0,0,0,0,1
400,407,16,7,26,45,0,1,0,0,2
400,408,16,8,38,2,0,0,0,0,0
400,409,16,9,48,0,0,0,0,0,2
400,410,16,10,27,12,0,0,0,0,0
400,411,16,11,39,1,0,0,0,0,0
400,412,16,12,40,16,0,1,0,0,0
400,413,16,13,39,13,5,0,0,0,0
400,414,16,14,24,0,1,1,0,0,0
400,415,16,15,36,31,0,0,0,0,0
400,416,16,16,14,24,0,0,0,0,0
400,417,16,17,8,16,0,0,0,0,0
400,418,16,18,44,38,0,0,0,0,0
400,419,16,19,33,41,0,0,0,0,0
400,420,16,20,7,5,0,0,0,0,1
400,421,16,21,33,38,0,0,0,0,0
400,422,16,22,39,27,0,0,0,0,0
400,423,16,23,42,15,1,0,0,0,0
400,424,16,24,6,19,0,2,0,0,0
400,425,17,0,1,17,0,0,0,0,2
400,426,17,1,5,1,0,0,0,0,0
400,427,17,2,4,3,1,0,0,0,0
400,428,17,3,32,1,0,0,0,0,0
400,429,17,4,16,41,0,0,0,0,0
400,430,17,5,20,2,3,0,0,0,0
400,431,17,6,19,12,1,0,0,0,0
400,432,17,7,34,36,0,0,0,0,0
400,433,17,8,24,15,1,2,0,0,0
400,434,17,9,0,30,0,2,0,0,0
400,435,17,10,28,21,0,0,0,0,0
400,436,17,11,9,24,0,0,0,0,0
400,437,17,12,28,22,1,1,0,0,0
400,438,17,13,25,18,0,0,0,0,1
400,439,17,14,28,0,1,4,0,0,1
400,440,17,15,18,29,1,0,0,0,0
400,441,17,16,31,9,1,0,0,0,0
400,442,17,17,37,29,0,0,0,0,0
400,443,17,18,50,14,0,0,0,0,0
400,444,17,19,19,19,0,0,0,1,1
400,445,17,20,15,41,0,2,0,0,1
400,446,17,21,23,16,4,0,0,0,0
400,447,17,22,29,50,1,0,0,0,0
400,448,17,23,12,28,2,0,0,0,0
400,449,17,24,29,41,0,0,0,0,0
400,450,18,0,4,25,2,0,0,0,0
400,451,18,1,0,16,0,0,0,0,0
400,452,18,2,1,31,1,0,0,0,3
400,453,18,3,22,0,0,0,0,0,1
400,454,18,4,16,37,0,0,0,0,1
400,455,18,5,37,1,0,1,0,0,0
400,456,18,6,14,27,0,1,0,0,0
400,457,18,7,35,17,2,0,0,0,1
400,458,18,8,1,0,0,0,0,0,0
400,459,18,9,50,12,0,2,0,0,1
400,460,18,10,36,31,1,0,0,0,0
400,461,18,11,39,48,0,0,0,0,1
400,462,18,12,3,0,1,0,0,0,0
400,463,18,13,47,33,0,0,0,0,1
400,464,18,14,11,3,0,1,0,0,0
400,465,18,15,37,21,0,0,0,0,0
400,466,18,16,22,22,3,0,0,0,0
400,467,18,17,19,22,1,0,0,0,0
400,468,18,18,31,28,0,0,0,0,0
400,469,18,19,4,20,1,0,0,0,0
400,470,18,20,3,4,0,4,0,0,0
400,471,18,21,5,39,0,0,0,0,0
400,472,18,22,8,34,0,0,0,0,0
400,473,18,23,32,38,0,0,0,0,0
400,474,18,24,7,22,0,1,0,0,0
400,475,19,0,6,0,0,3,0,0,1
400,476,19,1,23,27,0,0,0,0,0
400,477,19,2,19,34,0,2,0,0,0
400,478,19,3,17,20,0,0,0,0,1
400,479,19,4,0,0,0,0,0,0,0
400,480,19,5,0,31,1,0,0,0,2
400,481,19,6,0,35,0,0,0,0,0
400,482,19,7,0,20,1,0,0,0,0
400,483,19,8,1,38,0,0,0,0,0
400,484,19,9,42,24,0,0,0,0,0
400,485,19,10,28,45,0,0,0,0,0
400,486,19,11,16,7,0,5,0,0,0
400,487,19,12,12,2,0,1,0,0,0
400,488,19,13,22,9,0,0,0,0,0
400,489,19,14,20,13,0,0,0,0,0
400,490,19,15,20,4,0,0,0,0,0
400,491,19,16,38,35,0,0,0,0,0
400,492,19,17,33,28,0,0,0,0,0
400,493,19,18,44,0,0,1,0,0,0
400,494,19,19,3,32,0,0,0,0,0
400,495,19,20,48,13,0,1,0,0,0
400,496,19,21,16,29,0,0,0,0,0
400,497,19,22,1,23,0,0,0,0,0
400,498,19,23,33,25,0,1,0,0,2
400,499,19,24,36,36,0,1,0,0,0
400,500,20,0,5,3,0,0,0,0,1
400,501,20,1,2,35,0,0,0,0,0
400,502,20,2,0,47,0,0,0,0,0
400,503,20,3,31,15,1,0,0,0,0
400,504,20,4,4,46,0,0,0,0,0
400,505,20,5,20,4,0,0,0,0,2
400,506,20,6,11,3,0,0,0,0,0
400,507,20,7,1,37,0,0,0,0,0
400,508,20,8,4,37,2,4,0,0,0
400,509,20,9,2,37,1,0,1,0,1
400,510,20,10,23,37,0,0,0,0,0
400,511,20,11,5,43,3,0,0,0,0
400,512,20,12,31,13,0,0,0,0,0
400,513,20,13,9,17,1,5,0,0,0
400,514,20,14,28,15,0,1,0,0,0
400,515,20,15,35,25,0,0,0,0,0
400,516,20,16,26,15,0,1,0,0,0
400,517,20,17,44,46,1,4,0,0,0
400,518,20,18,14,0,0,0,0,0,1
400,519,20,19,33,5,0,1,0,0,0
400,520,20,20,31,11,0,0,0,0,0
400,521,20,21,1,47,0,0,0,0,0
400,522,20,22,41,31,1,0,0,0,0
400,523,20,23,15,44,1,2,0,0,0
400,524,20,24,0,23,0,1,0,0,0
400,525,21,0,0,9,2,0,0,0,1
400,526,21,1,30,20,1,0,0,0,0
400,527,21,2,13,35,0,0,0,0,0
400,528,21,3,23,29,1,0,0,0,0
400,529,21,4,0,25,0,2,0,0,0
400,530,21,5,8,34,3,2,0,0,0
400,531,21,6,20,5,0,0,0,0,0
400,532,21,7,1,9,0,1,0,0,0
400,533,21,8,10,20,1,1,0,0,0
400,534,21,9,1,4,0,0,0,0,0
400,535,21,10,23,3,1,1,0,0,0
400,536,21,11,39,39,0,0,0,0,0
400,537,21,12,15,23,2,0,0,0,0
400,538,21,13,48,35,0,0,0,0,2
400,539,21,14,22,12,2,0,0,0,0
400,540,21,15,44,4,0,0,0,0,0
400,541,21,16,31,49,0,0,0,0,0
400,542,21,17,34,26,0,0,0,0,0
400,543,21,18,35,43,2,0,0,0,0
400,544,21,19,20,35,1,0,0,0,0
400,545,21,20,8,30,0,0,0,0,0
400,546,21,21,50,7,0,2,0,0,0
400,547,21,22,33,44,0,0,0,0,0
400,548,21,23,48,39,0,0,0,0,3
400,549,21,24,22,13,0,0,0,0,0
400,550,22,0,5,25,0,0,0,0,0
400,551,22,1,3,34,1,0,0,0,5
400,552,22,2,4,22,0,0,0,0,0
400,553,22,3,23,20,0,0,0,0,4
400,554,22,4,17,32,1,0,0,0,0
400,555,22,5,1,45,1,0,0,0,0
400,556,22,6,0,44,1,1,0,0,0
400,557,22,7,9,26,0,0,0,0,0
400,558,22,8,11,10,0,0,0,0,0
400,559,22,9,31,38,0,1,0,0,0
400,560,22,10,3,40,0,1,0,0,0
400,561,22,11,38,2,0,0,0,0,0
400,562,22,12,29,15,0,0,0,0,0
400,563,22,13,12,20,1,1,0,0,0
400,564,22,14,37,9,0,0,0,0,0
400,565,22,15,35,44,0,0,0,0,0
400,566,22,16,40,34,0,1,0,0,1
400,567,22,17,33,33,0,0,0,0,0
400,568,22,18,12,27,0,0,0,0,0
400,569,22,19,38,22,0,4,0,0,0
400,570,22,20,29,11,0,0,0,0,0
400,571,22,21,19,22,0,0,0,0,0
400,572,22,22,13,0,0,0,0,0,0
400,573,22,23,5,27,0,0,0,0,0
400,574,22,24,27,16,1,2,0,0,0
400,575,23,0,1,3,2,1,0,0,0
400,576,23,1,0,16,0,0,0,0,0
400,577,23,2,0,32,0,2,0,0,2
400,578,23,3,7,32,0,0,0,0,0
400,579,23,4,24,43,1,1,0,0,0
400,580,23,5,15,11,0,2,0,0,0
400,581,23,6,43,30,0,0,0,0,0
400,582,23,7,2,28,1,0,0,0,1
400,583,23,8,14,36,0,0,0,0,1
400,584,23,9,17,42,0,0,0,0,0
400,585,23,10,22,23,0,0,0,0,0
400,586,23,11,27,14,2,2,0,0,0
400,587,23,12,35,24,0,0,0,0,0
400,588,23,13,44,32,0,0,0,0,0
400,589,23,14,0,0,6,0,0,0,1
400,590,23,15,39,29,1,0,0,0,0
400,591,23,16,30,41,0,0,0,0,0
400,592,23,17,45,5,0,0,0,0,1
400,593,23,18,12,50,0,0,0,0,0
400,594,23,19,24,37,1,0,0,0,0
400,595,23,20,6,26,0,0,0,0,0
400,596,23,21,23,36,0,0,0,0,0
400,597,23,22,24,50,2,0,0,0,0
400,598,23,23,16,22,0,0,0,0,0
400,599,23,24,9,44,0,0,0,0,0
400,600,24,0,15,8,0,0,0,0,0
400,601,24,1,1,2,2,0,0,0,0
400,602,24,2,40,43,0,1,0,0,2
400,603,24,3,1,10,1,0,0,0,0
400,604,24,4,7,50,0,0,0,0,0
400,605,24,5,7,39,2,0,0,0,0
400,606,24,6,49,17,0,0,0,0,0
400,607,24,7,17,11,1,1,0,0,0
400,608,24,8,34,17,1,0,0,0,0
400,609,24,9,1,1,0,0,0,0,0
400,610,24,10,29,2,0,1,0,0,0
400,611,24,11,1,31,0,0,0,0,2
400,612,24,12,24,24,0,0,0,0,0
400,613,24,13,0,10,0,1,0,0,2
400,614,24,14,2,0,2,0,0,0,0
400,615,24,15,38,9,0,1,0,0,0
400,616,24,16,4,12,2,1,0,0,0
400,617,24,17,25,44,0,0,0,0,0
400,618,24,18,7,32,0,0,0,0,0
400,619,24,19,45,22,0,0,0,0,0
400,620,24,20,14,22,0,0,0,0,0
400,621,24,21,46,29,0,0,0,0,0
400,622,24,22,30,29,0,0,0,0,0
400,623,24,23,46,30,0,0,0,0,0
400,624,24,24,11,21,0,0,0,0,0
500,0,0,0,0,0,0,3,0,0,1
500,1,0,1,10,0,0,1,0,0,0
500,2,0,2,0,0,0,2,0,0,5
500,3,0,3,0,0,0,4,0,0,0
500,4,0,4,0,4,2,1,0,0,0
500,5,0,5,0,0,1,0,0,0,1
500,6,0,6,10,5,0,0,0,0,0
500,7,0,7,0,5,0,0,0,0,0
500,8,0,8,1,29,0,0,0,1,1
500,9,0,9,0,1,1,2,0,0,0
500,10,0,10,36,0,0,1,0,0,1
500,11,0,11,29,12,0,0,0,0,0
500,12,0,12,3,0,2,0,0,0,0
500,13,0,13,0,0,2,1,0,0,1
500,14,0,14,0,2,0,2,0,0,0
500,15,0,15,0,4,3,4,0,0,5
500,16,0,16,2,0,2,0,0,0,0
500,17,0,17,4,3,1,2,0,0,0
500,18,0,18,5,0,8,2,0,0,0
500,19,0,19,7,0,0,0,0,0,0
500,20,0,20,6,5,2,5,0,0,0
500,21,0,21,15,0,1,0,0,0,0
500,22,0,22,1,0,0,0,0,0,0
500,23,0,23,4,0,0,1,0,0,0
500,24,0,24,21,19,0,1,0,0,0
500,25,1,0,11,0,1,0,0,0,0
500,26,1,1,27,1,0,1,0,0,1
500,27,1,2,11,0,0,1,0,0,1
500,28,1,3,1,27,0,0,0,0,0
500,29,1,4,12,15,0,0,0,0,0
500,30,1,5,0,0,2,1,0,0,0
500,31,1,6,18,0,1,1,0,0,0
500,32,1,7,0,27,0,1,0,0,0
500,33,1,8,6,33,2,1,0,0,0
500,34,1,9,0,10,2,0,0,1,1
500,35,1,10,11,4,1,0,0,0,0
500,36,1,11,0,0,2,0,0,0,0
500,37,1,12,0,10,0,1,0,0,1
500,38,1,13,36,0,0,1,0,0,0
500,39,1,14,13,16,1,0,0,0,0
500,40,1,15,40,9,0,0,0,0,0
500,41,1,16,17,3,0,0,0,0,0
500,42,1,17,22,41,0,0,0,0,0
500,43,1,18,10,26,1,1,0,0,0
500,44,1,19,16,16,0,0,0,0,0
500,45,1,20,18,32,2,0,0,0,4
500,46,1,21,22,0,0,1,0,0,0
500,47,1,22,27,31,0,0,0,0,0
500,48,1,23,19,12,0,1,0,0,0
500,49,1,24,2,37,0,0,0,0,1
500,50,2,0,26,0,0,2,0,0,0
500,51,2,1,15,20,0,0,0,0,2
500,52,2,2,39,0,0,3,0,0,0
500,53,2,3,8,5,0,2,0,0,0
500,54,2,4,18,31,0,0,0,0,2
500,55,2,5,26,1,1,1,0,0,0
500,56,2,6,3,3,1,0,0,0,0
500,57,2,7,5,27,0,5,0,0,1
500,58,2,8,19,7,1,1,0,0,1
500,59,2,9,26,33,1,0,0,0,0
500,60,2,10,3,45,0,0,0,0,0
500,61,2,11,47,0,0,1,0,0,0
500,62,2,12,0,6,2,3,0,0,2
500,63,2,13,10,10,1,0,0,0,0
500,64,2,14,5,0,0,2,0,0,0
500,65,2,15,11,8,0,0,0,0,0
500,66,2,16,33,0,0,1,0,0,0
500,67,2,17,0,16,0,0,0,0,0
500,68,2,18,11,25,0,0,0,0,2
500,69,2,19,9,14,1,0,0,0,0
500,70,2,20,20,8,0,0,0,0,0
500,71,2,21,42,5,1,1,0,0,0
500,72,2,22,18,2,3,1,0,0,0
500,73,2,23,31,17,0,0,0,0,0
500,74,2,24,22,23,0,0,0,0,0
500,75,3,0,0,0,2,0,0,0,0
500,76,3,1,19,11,0,0,0,0,0
500,77,3,2,36,22,2,1,0,0,0
500,78,3,3,0,7,3,0,0,0,0
500,79,3,4,9,22,0,0,0,0,0
500,80,3,5,14,1,1,0,0,0,0
500,81,3,6,3,26,0,0,0,0,0
500,82,3,7,13,17,1,0,0,0,2
500,83,3,8,10,8,0,0,0,0,0
500,84,3,9,17,13,0,2,0,0,1
500,85,3,10,22,39,0,0,0,0,0
500,86,3,11,0,29,0,1,0,0,1
500,87,3,12,37,24,0,0,0,0,0
500,88,3,13,0,20,1,1,0,0,0
500,89,3,14,39,2,0,0,0,0,0
500,90,3,15,4,17,0,1,0,0,0
500,91,3,16,19,11,1,0,0,0,0
500,92,3,17,6,7,0,0,0,0,0
500,93,3,18,22,0,1,0,0,0,0
500,94,3,19,3,11,0,1,0,0,2
500,95,3,20,28,30,3,2,0,0,0
500,96,3,21,7,38,0,0,0,0,0
500,97,3,22,48,0,0,0,0,0,0
500,98,3,23,1,13,3,1,0,0,0
500,99,3,24,29,3,3,2,0,0,2
500,100,4,0,0,3,3,0,0,0,3
500,101,4,1,41,0,0,0,0,0,0
500,102,4,2,5,0,0,0,0,0,0
500,103,4,3,34,3,0,0,0,0,3
500,104,4,4,8,21,0,0,0,0,0
500,105,4,5,0,2,0,0,0,0,3
500,106,4,6,37,0,0,1,0,0,2
500,107,4,7,6,37,0,0,0,0,0
500,108,4,8,0,45,0,0,0,0,0
500,109,4,9,21,42,1,1,0,0,0
500,110,4,10,3,19,0,0,0,0,1
500,111,4,11,10,14,2,0,0,0,0
500,112,4,12,38,0,0,0,0,0,1
500,113,4,13,0,21,0,0,0,0,0
500,114,4,14,23,8,0,0,0,0,0
500,115,4,15,25,47,3,0,0,0,0
500,116,4,16,27,34,2,2,0,0,0
500,117,4,17,15,2,1,1,0,0,0
500,118,4,18,15,22,1,1,0,0,0
500,119,4,19,17,1,0,0,0,0,0
500,120,4,20,30,20,0,1,0,0,0
500,121,4,21,1,11,0,0,0,0,0
500,122,4,22,3,24,0,0,0,0,0
500,123,4,23,20,8,0,0,0,0,1
500,124,4,24,13,14,0,1,0,0,0
500,125,5,0,9,0,0,0,0,0,0
500,126,5,1,41,11,1,0,0,0,0
500,127,5,2,7,5,0,0,0,0,0
500,128,5,3,29,39,0,1,0,1,1
500,129,5,4,0,25,2,0,0,0,0
500,130,5,5,14,13,0,1,0,0,0
500,131,5,6,31,11,0,0,0,0,0
500,132,5,7,7,12,0,1,0,0,0
500,133,5,8,47,29,1,1,0,0,0
500,134,5,9,19,5,0,3,0,0,1
500,135,5,10,20,19,2,0,0,0,0
500,136,5,11,22,20,0,0,0,0,0
500,137,5,12,0,2,1,0,0,0,2
500,138,5,13,20,25,0,0,0,0,0
500,139,5,14,1,2,0,0,0,0,0
500,140,5,15,11,0,0,0,0,0,0
500,141,5,16,24,0,0,0,0,0,1
500,142,5,17,18,35,0,0,0,0,1
500,143,5,18,39,27,0,1,0,0,0
500,144,5,19,7,24,1,0,0,0,0
500,145,5,20,24,31,1,0,0,0,0
500,146,5,21,0,49,0,0,0,0,0
500,147,5,22,10,23,0,0,0,0,0
500,148,5,23,50,29,0,0,0,0,0
500,149,5,24,36,0,0,3,0,0,0
500,150,6,0,0,0,1,0,0,0,1
500,151,6,1,21,0,0,0,0,0,0
500,152,6,2,38,6,0,0,0,0,0
500,153,6,3,37,23,0,0,0,0,0
500,154,6,4,17,0,0,1,0,0,0
500,155,6,5,21,3,1,1,0,0,0
500,156,6,6,0,33,3,0,0,0,0
500,157,6,7,1,1,0,0,0,0,0
500,158,6,8,0,12,0,3,0,0,0
500,159,6,9,25,2,0,1,0,0,0
500,160,6,10,4,2,1,0,0,0,0
500,161,6,11,0,10,2,0,0,0,0
500,162,6,12,12,25,0,0,0,0,0
500,163,6,13,0,0,0,1,0,0,1
500,164,6,14,2,3,0,0,0,0,0
500,165,6,15,34,18,0,0,0,0,0
500,166,6,16,44,1,0,0,0,0,2
500,167,6,17,50,3,0,4,0,0,0
500,168,6,18,3,28,0,1,0,0,0
500,169,6,19,0,5,2,0,0,0,0
500,170,6,20,15,37,1,0,0,0,0
500,171,6,21,14,20,0,1,0,0,0
500,172,6,22,18,9,0,1,0,0,0
500,173,6,23,39,0,0,0,0,0,0
500,174,6,24,3,35,0,0,0,0,0
500,175,7,0,0,0,0,0,1,0,1
500,176,7,1,0,14,0,0,0,0,0
500,177,7,2,12,27,0,0,0,0,0
500,178,7,3,26,5,0,0,0,0,0
500,179,7,4,1,0,0,0,0,0,0
500,180,7,5,14,2,3,0,0,0,0
500,181,7,6,2,8,1,1,0,0,2
500,182,7,7,0,31,0,2,0,0,0
500,183,7,8,18,16,0,0,0,0,0
500,184,7,9,0,44,1,0,0,0,0
500,185,7,10,0,24,3,0,0,0,0
500,186,7,11,8,29,0,0,0,0,0
500,187,7,12,1,1,2,1,0,0,0
500,188,7,13,18,1,0,0,0,0,0
500,189,7,14,4,6,2,0,0,0,0
500,190,7,15,34,4,3,0,0,0,0
500,191,7,16,4,0,3,0,0,0,0
500,192,7,17,49,37,0,3,0,0,0
500,193,7,18,12,11,0,0,0,0,0
500,194,7,19,49,8,0,1,0,0,1
500,195,7,20,0,37,1,0,0,0,0
500,196,7,21,40,21,0,3,0,0,2
500,197,7,22,4,38,0,0,0,0,0
500,198,7,23,31,0,0,3,0,0,1
500,199,7,24,4,12,1,2,0,0,0
500,200,8,0,0,0,0,2,0,0,0
500,201,8,1,0,5,0,0,0,0,1
500,202,8,2,34,6,0,0,0,0,0
500,203,8,3,2,1,0,1,0,0,0
500,204,8,4,3,1,0,0,0,0,0
500,205,8,5,0,0,0,1,0,0,0
500,206,8,6,3,13,2,0,0,0,0
500,207,8,7,0,2,0,2,0,0,0
500,208,8,8,4,24,1,1,0,0,0
500,209,8,9,7,26,3,0,0,0,0
500,210,8,10,1,0,0,2,0,0,0
500,211,8,11,0,10,7,0,0,0,1
500,212,8,12,16,13,0,0,0,0,0
500,213,8,13,6,6,5,1,0,0,0
500,214,8,14,2,16,0,2,0,0,0
500,215,8,15,23,40,1,0,0,0,0
500,216,8,16,39,9,0,1,0,0,0
500,217,8,17,29,22,0,1,0,0,1
500,218,8,18,24,35,1,0,0,0,0
500,219,8,19,27,27,0,0,0,0,1
500,220,8,20,27,28,0,0,0,0,0
500,221,8,21,8,32,0,0,0,0,0
500,222,8,22,38,35,0,1,0,0,1
500,223,8,23,2,20,0,0,0,0,0
500,224,8,24,37,5,0,0,0,0,0
500,225,9,0,0,0,1,0,0,0,4
500,226,9,1,0,0,1,1,0,0,0
500,227,9,2,6,3,1,1,0,0,0
500,228,9,3,25,9,0,0,0,0,0
500,229,9,4,2,28,0,0,0,0,0
500,230,9,5,19,33,3,0,0,0,0
500,231,9,6,1,0,2,1,0,0,0
500,232,9,7,0,31,0,1,0,0,0
500,233,9,8,0,35,0,1,1,0,2
500,234,9,9,0,0,0,4,0,0,0
500,235,9,10,8,2,0,3,0,0,0
500,236,9,11,38,41,0,1,0,0,5
500,237,9,12,11,22,2,1,0,0,0
500,238,9,13,27,14,0,1,0,0,1
500,239,9,14,15,10,0,1,0,0,0
500,240,9,15,0,21,0,1,0,0,0
500,241,9,16,10,1,0,0,0,0,2
500,242,9,17,6,28,1,1,0,0,0
500,243,9,18,0,32,0,1,0,0,0
500,244,9,19,10,43,0,0,0,0,0
500,245,9,20,36,24,0,0,0,0,1
500,246,9,21,32,24,0,3,0,0,0
500,247,9,22,14,25,0,1,0,0,0
500,248,9,23,19,15,4,0,0,0,0
500,249,9,24,36,10,1,0,0,0,1
500,250,10,0,0,0,0,2,0,0,0
500,251,10,1,0,0,3,0,0,0,0
500,252,10,2,5,24,1,0,0,0,0
500,253,10,3,5,3,0,2,0,0,0
500,254,10,4,1,0,1,0,0,0,0
500,255,10,5,5,23,0,0,0,0,0
500,256,10,6,35,42,0,0,0,0,0
500,257,10,7,15,29,4,0,0,0,3
500,258,10,8,2,12,1,1,0,0,0
500,259,10,9,1,36,1,0,0,0,1
500,260,10,10,0,7,1,0,0,0,0
500,261,10,11,1,0,1,1,0,0,0
500,262,10,12,0,6,1,0,0,0,0
500,263,10,13,3,4,0,0,0,0,0
500,264,10,14,14,15,1,0,0,0,0
500,265,10,15,22,25,0,0,0,0,4
500,266,10,16,26,9,4,0,0,0,0
500,267,10,17,17,15,0,0,0,0,2
500,268,10,18,0,23,1,0,0,0,0
500,269,10,19,7,14,1,1,0,0,0
500,270,10,20,21,13,1,0,0,0,5
500,271,10,21,30,27,1,0,0,0,0
500,272,10,22,17,2,1,0,0,0,0
500,273,10,23,14,7,1,0,0,0,0
500,274,10,24,1,25,0,0,0,0,0
500,275,11,0,4,0,3,1,0,0,0
500,276,11,1,18,1,0,0,0,0,0
500,277,11,2,24,0,0,3,0,0,0
500,278,11,3,18,13,1,1,0,0,0
500,279,11,4,38,1,1,1,0,0,1
500,280,11,5,0,33,0,0,0,0,0
500,281,11,6,0,35,0,0,0,0,0
500,282,11,7,0,5,0,2,0,0,0
500,283,11,8,9,2,0,2,0,0,0
500,284,11,9,30,50,0,0,0,0,0
500,285,11,10,14,44,0,0,0,0,0
500,286,11,11,10,1,0,0,0,0,0
500,287,11,12,16,26,0,0,0,0,0
500,288,11,13,3,31,2,0,0,0,0
500,289,11,14,23,6,0,1,0,0,0
500,290,11,15,16,33,1,0,0,0,2
500,291,11,16,0,19,0,0,0,0,0
500,292,11,17,0,0,0,4,0,0,0
500,293,11,18,0,13,0,0,0,0,0
500,294,11,19,10,22,1,0,0,0,1
500,295,11,20,23,33,0,0,0,0,0
500,296,11,21,21,42,2,0,0,0,0
500,297,11,22,0,34,0,0,0,0,4
500,298,11,23,15,20,4,2,0,0,2
500,299,11,24,1,29,0,0,0,0,0
500,300,12,0,14,5,1,0,0,0,0
500,301,12,1,17,6,0,0,0,0,2
500,302,12,2,12,2,0,1,0,0,0
500,303,12,3,20,0,0,0,0,0,0
500,304,12,4,5,14,0,0,0,0,1
500,305,12,5,29,1,0,0,0,0,0
500,306,12,6,17,13,0,1,0,0,0
500,307,12,7,0,25,0,0,0,0,0
500,308,12,8,34,22,1,0,0,0,0
500,309,12,9,3,19,0,0,0,0,0
500,310,12,10,0,36,3,1,0,0,2
500,311,12,11,0,16,3,1,0,0,0
500,312,12,12,14,1,0,0,0,0,0
500,313,12,13,5,31,0,1,0,0,0
500,314,12,14,1,10,0,1,0,0,0
500,315,12,15,1,39,1,0,0,0,0
500,316,12,16,6,22,0,2,0,0,0
500,317,12,17,18,12,0,1,0,0,1
500,318,12,18,27,5,0,0,0,0,0
500,319,12,19,11,0,5,0,0,0,0
500,320,12,20,2,23,0,1,0,0,0
500,321,12,21,0,7,0,0,0,0,0
500,322,12,22,12,26,0,1,0,0,0
500,323,12,23,30,11,1,0,0,0,0
500,324,12,24,23,16,1,3,0,0,0
500,325,13,0,0,0,0,1,0,0,2
500,326,13,1,0,8,0,0,0,0,1
500,327,13,2,4,0,0,8,0,0,0
500,328,13,3,0,23,2,0,0,0,0
500,329,13,4,32,12,0,1,0,0,0
500,330,13,5,0,4,0,0,0,0,0
500,331,13,6,0,3,1,1,0,0,0
500,332,13,7,22,39,0,0,0,0,0
500,333,13,8,18,11,0,4,0,0,0
500,334,13,9,28,6,0,0,0,0,0
500,335,13,10,5,0,0,0,0,0,0
500,336,13,11,19,16,0,3,0,0,0
500,337,13,12,0,14,0,0,0,0,0
500,338,13,13,10,20,0,0,0,0,0
500,339,13,14,1,37,1,1,0,0,1
500,340,13,15,32,18,1,0,0,0,0
500,341,13,16,11,0,0,1,0,0,0
500,342,13,17,23,10,0,0,0,0,0
500,343,13,18,4,1,0,0,0,0,0
500,344,13,19,27,18,0,0,0,0,0
500,345,13,20,9,0,0,5,0,0,0
500,346,13,21,26,37,0,0,0,0,0
500,347,13,22,34,41,0,0,0,0,1
500,348,13,23,16,40,0,1,0,0,0
500,349,13,24,29,9,0,0,0,0,0
500,350,14,0,0,0,1,2,0,0,1
500,351,14,1,25,1,0,1,0,0,0
500,352,14,2,1,1,1,2,0,0,0
500,353,14,3,0,0,0,4,0,0,4
500,354,14,4,21,0,0,1,0,0,0
500,355,14,5,1,17,3,0,0,0,0
500,356,14,6,9,13,0,0,0,0,0
500,357,14,7,0,1,1,1,0,0,1
500,358,14,8,6,14,4,0,0,0,0
500,359,14,9,21,27,0,0,0,0,0
500,360,14,10,9,6,8,1,0,0,0
500,361,14,11,19,19,0,0,0,0,0
500,362,14,12,35,24,0,0,0,0,0
500,363,14,13,16,0,0,0,0,0,0
500,364,14,14,36,0,0,1,0,0,0
500,365,14,15,17,1,1,0,0,0,0
500,366,14,16,7,9,0,0,0,0,0
500,367,14,17,44,19,0,1,0,0,0
500,368,14,18,20,13,0,1,0,0,1
500,369,14,19,10,0,1,1,0,0,0
500,370,14,20,27,40,0,0,0,0,0
500,371,14,21,0,0,0,0,0,0,0
500,372,14,22,27,21,0,0,0,0,0
500,373,14,23,12,0,4,1,0,0,0
500,374,14,24,12,20,0,0,0,0,0
500,375,15,0,42,19,0,0,0,1,1
500,376,15,1,8,22,0,3,0,0,0
500,377,15,2,12,37,0,0,0,0,1
500,378,15,3,23,31,1,1,0,0,0
500,379,15,4,17,14,0,1,0,0,1
500,380,15,5,11,22,1,0,0,0,2
500,381,15,6,27,15,2,0,0,0,0
500,382,15,7,17,19,0,3,0,0,0
500,383,15,8,3,13,1,0,0,0,0
500,384,15,9,5,0,0,5,0,0,0
500,385,15,10,14,0,0,0,0,0,0
500,386,15,11,28,23,1,0,0,0,0
500,387,15,12,30,32,0,0,0,0,0
500,388,15,13,27,0,2,5,0,0,1
500,389,15,14,42,5,0,0,1,0,1
500,390,15,15,3,0,1,1,0,0,0
500,391,15,16,0,16,0,0,0,0,0
500,392,15,17,21,3,0,3,0,0,0
500,393,15,18,2,3,0,0,0,0,0
500,394,15,19,24,14,1,0,0,0,0
500,395,15,20,2,44,0,0,0,0,0
500,396,15,21,13,7,0,0,0,0,0
500,397,15,22,12,8,0,1,0,0,0
500,398,15,23,8,4,1,1,0,0,0
500,399,15,24,2,4,2,0,0,0,0
500,400,16,0,0,0,1,2,0,2,4
500,401,16,1,32,11,0,0,0,0,0
500,402,16,2,15,19,1,1,0,0,0
500,403,16,3,30,10,0,0,0,0,0
500,404,16,4,25,36,0,0,0,0,0
500,405,16,5,26,26,0,0,0,0,1
500,406,16,6,21,2,0,1,0,0,0
500,407,16,7,0,3,4,1,0,0,0
500,408,16,8,22,28,0,0,0,0,3
500,409,16,9,7,0,0,0,0,0,0
500,410,16,10,37,0,0,0,0,0,0
500,411,16,11,25,26,0,0,0,0,0
500,412,16,12,3,3,1,1,0,0,0
500,413,16,13,20,4,0,2,0,0,0
500,414,16,14,21,0,4,0,0,0,0
500,415,16,15,50,4,0,4,0,0,1
500,416,16,16,22,0,0,0,0,0,0
500,417,16,17,49,0,1,1,0,0,0
500,418,16,18,33,12,0,0,0,0,0
500,419,16,19,19,2,0,0,0,0,0
500,420,16,20,15,45,0,0,0,0,0
500,421,16,21,21,39,0,0,0,0,0
500,422,16,22,33,12,1,0,0,0,0
500,423,16,23,32,0,0,0,0,0,0
500,424,16,24,15,5,3,1,0,0,0
500,425,17,0,0,0,0,2,0,0,0
500,426,17,1,36,9,0,0,0,0,0
500,427,17,2,1,5,0,0,0,0,0
500,428,17,3,48,4,0,0,0,1,1
500,429,17,4,19,1,0,0,0,0,0
500,430,17,5,26,7,0,0,0,0,0
500,431,17,6,46,12,0,0,0,0,1
500,432,17,7,33,0,3,0,0,0,0
500,433,17,8,46,13,0,0,0,0,0
500,434,17,9,6,38,0,1,0,0,0
500,435,17,10,7,0,0,1,0,0,0
500,436,17,11,35,23,0,2,0,0,0
500,437,17,12,6,0,0,0,0,0,0
500,438,17,13,16,3,0,0,0,0,0
500,439,17,14,36,26,0,1,0,0,3
500,440,17,15,13,1,3,0,0,0,0
500,441,17,16,31,44,2,1,0,0,0
500,442,17,17,1,5,0,0,0,0,0
500,443,17,18,13,8,0,0,0,0,0
500,444,17,19,19,34,1,2,0,0,0
500,445,17,20,0,39,1,0,0,0,0
500,446,17,21,42,26,0,0,0,0,0
500,447,17,22,36,0,0,1,0,0,4
500,448,17,23,1,32,0,0,0,0,0
500,449,17,24,6,38,0,2,0,0,0
500,450,18,0,2,4,0,1,0,0,0
500,451,18,1,2,21,0,0,0,0,0
500,452,18,2,30,12,1,0,0,0,1
500,453,18,3,1,24,1,0,0,0,0
500,454,18,4,40,9,0,0,0,0,0
500,455,18,5,39,18,0,0,0,0,0
500,456,18,6,1,1,0,0,0,0,1
500,457,18,7,20,48,0,0,0,0,0
500,458,18,8,12,39,0,0,0,0,0
500,459,18,9,5,29,0,0,0,0,0
500,460,18,10,22,20,0,0,0,0,0
500,461,18,11,18,9,0,3,0,0,0
500,462,18,12,14,28,3,0,0,0,0
500,463,18,13,44,11,0,0,0,0,0
500,464,18,14,47,8,0,0,0,0,0
500,465,18,15,28,0,0,1,0,0,0
500,466,18,16,28,35,0,0,0,0,1
500,467,18,17,41,7,0,0,0,0,0
500,468,18,18,0,17,2,2,0,0,0
500,469,18,19,36,0,0,0,0,0,0
500,470,18,20,20,16,0,0,0,0,0
500,471,18,21,15,1,0,1,0,0,0
500,472,18,22,43,24,0,3,0,0,0
500,473,18,23,7,24,4,0,0,0,2
500,474,18,24,15,37,1,0,0,0,0
500,475,19,0,18,0,0,0,0,0,0
500,476,19,1,50,28,0,3,0,0,0
500,477,19,2,50,21,0,0,0,0,0
500,478,19,3,39,12,0,0,0,0,0
500,479,19,4,37,30,2,0,0,0,0
500,480,19,5,32,7,0,0,0,0,0
500,481,19,6,27,17,0,1,0,0,0
500,482,19,7,42,3,1,3,0,0,0
500,483,19,8,33,13,0,0,0,0,0
500,484,19,9,0,39,1,0,0,0,0
500,485,19,10,50,28,0,2,0,0,0
500,486,19,11,36,15,0,0,0,0,0
500,487,19,12,30,23,0,0,0,0,0
500,488,19,13,28,4,0,0,0,0,0
500,489,19,14,46,26,0,0,0,0,0
500,490,19,15,44,8,0,0,0,0,0
500,491,19,16,48,28,0,0,0,0,0
500,492,19,17,46,5,0,0,0,0,0
500,493,19,18,27,36,0,0,0,0,0
500,494,19,19,37,23,2,0,0,0,0
500,495,19,20,22,18,0,0,0,0,0
500,496,19,21,28,7,3,0,0,0,0
500,497,19,22,17,49,0,0,0,0,0
500,498,19,23,9,28,0,0,0,0,0
500,499,19,24,17,30,3,1,0,0,0
500,500,20,0,1,0,2,3,0,0,0
500,501,20,1,14,33,1,0,0,0,0
500,502,20,2,37,4,0,0,0,0,0
500,503,20,3,37,13,0,0,0,0,0
500,504,20,4,22,0,0,2,0,0,0
500,505,20,5,36,9,0,1,0,0,0
500,506,20,6,7,29,1,1,1,0,1
500,507,20,7,37,19,2,0,0,0,3
500,508,20,8,6,12,0,0,0,0,0
500,509,20,9,46,0,0,0,0,0,0
500,510,20,10,29,14,0,3,0,0,0
500,511,20,11,23,0,0,0,0,0,0
500,512,20,12,30,29,0,0,0,0,0
500,513,20,13,45,15,0,0,0,0,0
500,514,20,14,50,42,1,0,0,0,0
500,515,20,15,35,0,0,0,0,0,0
500,516,20,16,37,47,0,1,0,0,0
500,517,20,17,7,13,1,0,0,0,0
500,518,20,18,47,32,0,0,0,0,0
500,519,20,19,5,13,0,0,0,0,0
500,520,20,20,47,15,0,1,0,0,1
500,521,20,21,3,0,3,0,0,0,0
500,522,20,22,23,0,3,0,0,0,0
500,523,20,23,40,6,0,0,0,0,0
500,524,20,24,9,42,0,0,0,0,0
500,525,21,0,2,0,1,0,0,0,0
500,526,21,1,46,2,0,2,0,0,0
500,527,21,2,34,11,0,0,0,0,2
500,528,21,3,22,3,3,1,0,0,0
500,529,21,4,12,36,0,4,0,0,0
500,530,21,5,40,41,0,0,0,0,0
500,531,21,6,23,23,0,0,0,0,0
500,532,21,7,5,5,0,0,0,0,0
500,533,21,8,18,1,0,0,0,0,0
500,534,21,9,31,17,1,0,0,0,0
500,535,21,10,33,5,1,0,0,0,0
500,536,21,11,41,36,0,0,0,0,1
500,537,21,12,14,29,2,0,0,0,3
500,538,21,13,25,34,2,0,0,0,0
500,539,21,14,20,0,0,2,0,0,0
500,540,21,15,11,34,2,0,0,0,2
500,541,21,16,50,3,0,3,0,0,0
500,542,21,17,39,38,0,0,0,0,1
500,543,21,18,28,14,0,0,0,0,0
500,544,21,19,6,30,0,1,0,0,0
500,545,21,20,37,5,0,0,0,0,0
500,546,21,21,36,4,0,0,0,0,0
500,547,21,22,22,38,1,3,0,0,0
500,548,21,23,25,23,0,0,0,0,0
500,549,21,24,15,1,1,0,0,0,0
500,550,22,0,50,16,0,1,0,0,0
500,551,22,1,1,0,3,1,0,0,0
500,552,22,2,34,14,1,0,0,0,0
500,553,22,3,27,2,0,0,0,0,0
500,554,22,4,8,14,1,0,0,0,0
500,555,22,5,40,31,0,0,0,0,2
500,556,22,6,30,24,0,0,0,0,0
500,557,22,7,9,6,0,0,0,0,0
500,558,22,8,42,3,0,3,0,0,0
500,559,22,9,50,41,0,0,0,0,0
500,560,22,10,39,40,0,0,0,0,1
500,561,22,11,10,27,0,0,0,0,1
500,562,22,12,22,14,0,0,0,0,0
500,563,22,13,5,0,0,0,0,0,0
500,564,22,14,17,31,0,0,0,0,0
500,565,22,15,21,29,0,0,0,0,0
500,566,22,16,33,7,0,3,0,0,0
500,567,22,17,30,43,0,1,0,0,0
500,568,22,18,19,32,0,0,0,0,0
500,569,22,19,26,21,1,1,0,0,0
500,570,22,20,13,23,0,0,0,0,0
500,571,22,21,28,23,0,0,0,0,0
500,572,22,22,43,31,0,3,0,0,0
500,573,22,23,22,23,0,0,0,0,0
500,574,22,24,15,27,0,0,0,0,3
500,575,23,0,0,0,2,0,0,0,0
500,576,23,1,31,0,1,0,0,0,0
500,577,23,2,21,1,0,2,0,0,1
500,578,23,3,16,19,0,0,0,0,0
500,579,23,4,5,3,0,0,0,0,0
500,580,23,5,22,15,0,1,0,0,1
500,581,23,6,6,15,0,0,0,0,0
500,582,23,7,33,22,0,0,0,0,0
500,583,23,8,37,29,0,1,0,0,2
500,584,23,9,39,2,1,1,0,0,0
500,585,23,10,3,18,2,0,0,0,1
500,586,23,11,10,21,1,0,0,0,0
500,587,23,12,45,5,0,0,0,0,0
500,588,23,13,26,26,0,3,0,0,0
500,589,23,14,21,29,0,0,0,0,0
500,590,23,15,15,0,0,2,0,0,0
500,591,23,16,22,26,2,0,0,0,0
500,592,23,17,23,1,0,0,0,0,0
500,593,23,18,9,14,0,0,0,0,0
500,594,23,19,23,23,2,0,0,0,0
500,595,23,20,2,17,0,0,0,0,0
500,596,23,21,30,3,0,1,0,0,0
500,597,23,22,13,11,0,0,0,0,0
500,598,23,23,36,7,0,0,0,0,0
500,599,23,24,34,36,0,1,0,0,0
500,600,24,0,19,5,0,0,0,0,0
500,601,24,1,14,12,1,0,0,0,0
500,602,24,2,37,3,0,3,0,0,0
500,603,24,3,37,25,2,0,0,0,1
500,604,24,4,25,42,0,0,0,0,2
500,605,24,5,1,50,1,0,0,0,1
500,606,24,6,21,40,0,5,0,0,0
500,607,24,7,19,24,0,0,0,0,0
500,608,24,8,30,38,1,0,0,0,0
500,609,24,9,46,11,0,0,0,0,0
500,610,24,10,26,32,0,1,0,0,0
500,611,24,11,7,10,0,3,0,0,0
500,612,24,12,25,7,0,1,0,0,0
500,613,24,13,26,33,0,4,0,0,0
500,614,24,14,19,4,0,1,0,0,0
500,615,24,15,23,0,0,0,0,0,0
500,616,24,16,15,1,0,1,0,0,0
500,617,24,17,19,0,1,3,0,0,2
500,618,24,18,49,2,0,0,0,0,0
500,619,24,19,4,20,2,0,0,0,0
500,620,24,20,22,8,0,0,0,0,0
500,621,24,21,43,26,0,3,0,0,0
500,622,24,22,37,41,0,0,0,0,0
500,623,24,23,28,34,0,0,0,0,0
500,624,24,24,19,16,0,0,0,0,0
600,0,0,0,14,0,0,1,0,0,0
600,1,0,1,9,34,1,0,0,0,0
600,2,0,2,0,29,3,1,0,0,1
600,3,0,3,0,13,0,1,1,0,2
600,4,0,4,13,3,0,0,0,0,0
600,5,0,5,1,9,0,0,0,0,0
600,6,0,6,2,1,1,1,0,0,0
600,7,0,7,0,0,2,0,0,0,0
600,8,0,8,0,6,0,0,0,0,1
600,9,0,9,3,9,1,0,0,0,1
600,10,0,10,0,30,1,0,0,0,0
600,11,0,11,5,6,0,1,0,0,2
600,12,0,12,0,3,0,1,0,0,0
600,13,0,13,12,0,1,2,0,0,0
600,14,0,14,1,20,0,1,0,0,0
600,15,0,15,0,0,3,0,0,0,1
600,16,0,16,31,25,0,0,0,0,0
600,17,0,17,10,2,3,1,0,0,0
600,18,0,18,3,10,0,0,0,0,0
600,19,0,19,8,18,0,1,0,0,1
600,20,0,20,3,0,1,0,0,0,5
600,21,0,21,2,5,0,1,0,0,1
600,22,0,22,5,21,2,0,0,0,0
600,23,0,23,39,19,0,0,0,0,0
600,24,0,24,0,38,1,0,0,0,0
600,25,1,0,6,3,0,0,0,0,0
600,26,1,1,47,31,0,0,0,0,1
600,27,1,2,3,25,0,0,0,0,0
600,28,1,3,23,36,1,3,0,0,0
600,29,1,4,21,15,2,0,0,0,0
600,30,1,5,0,6,0,1,0,0,0
600,31,1,6,0,22,1,1,0,0,0
600,32,1,7,1,20,0,3,0,0,0
600,33,1,8,23,8,0,5,0,0,0
600,34,1,9,30,11,0,0,0,0,0
600,35,1,10,0,5,3,1,0,0,0
600,36,1,11,6,8,1,0,0,0,1
600,37,1,12,4,34,2,0,0,0,0
600,38,1,13,0,11,1,1,0,0,0
600,39,1,14,13,39,1,0,0,0,0
600,40,1,15,1,9,2,0,0,0,0
600,41,1,16,8,30,2,1,0,0,1
600,42,1,17,43,17,0,0,0,0,3
600,43,1,18,15,1,2,1,0,0,0
600,44,1,19,36,12,0,0,0,0,0
600,45,1,20,50,19,0,0,0,0,0
600,46,1,21,1,31,0,0,0,0,0
600,47,1,22,23,23,0,0,0,0,0
600,48,1,23,14,23,0,0,0,0,0
600,49,1,24,17,32,0,0,0,0,0
600,50,2,0,41,0,1,2,0,0,2
600,51,2,1,18,9,0,0,0,0,0
600,52,2,2,2,38,1,0,0,0,0
600,53,2,3,17,36,0,0,0,0,0
600,54,2,4,0,3,0,0,0,0,5
600,55,2,5,0,22,2,0,0,0,1
600,56,2,6,10,2,1,1,0,0,0
600,57,2,7,12,20,1,1,0,0,0
600,58,2,8,0,44,1,0,0,0,0
600,59,2,9,19,47,0,0,0,0,0
600,60,2,10,2,0,0,1,0,0,0
600,61,2,11,0,1,0,0,0,0,1
600,62,2,12,12,17,1,5,0,0,1
600,63,2,13,0,4,2,0,0,0,0
600,64,2,14,26,15,0,0,0,0,1
600,65,2,15,29,10,0,1,0,0,0
600,66,2,16,38,4,0,3,0,0,0
600,67,2,17,26,21,1,1,0,0,0
600,68,2,18,13,5,0,0,0,0,0
600,69,2,19,6,0,1,0,0,1,1
600,70,2,20,27,27,3,0,0,0,0
600,71,2,21,28,0,0,1,0,0,0
600,72,2,22,46,10,0,1,0,0,0
600,73,2,23,35,0,0,3,0,0,1
600,74,2,24,5,27,2,0,0,0,0
600,75,3,0,28,0,0,0,0,0,0
600,76,3,1,34,7,0,0,0,0,0
600,77,3,2,1,23,0,0,0,0,0
600,78,3,3,20,10,1,0,0,0,0
600,79,3,4,27,0,0,0,0,0,1
600,80,3,5,0,11,10,1,0,0,0
600,81,3,6,2,3,0,0,0,0,0
600,82,3,7,27,22,0,0,0,0,2
600,83,3,8,6,0,2,0,0,0,0
600,84,3,9,13,7,1,0,0,0,0
600,85,3,10,26,7,5,1,0,0,0
600,86,3,11,24,1,0,1,0,0,0
600,87,3,12,10,16,0,2,0,0,0
600,88,3,13,11,50,2,0,0,0,0
600,89,3,14,0,32,5,3,0,0,0
600,90,3,15,0,29,0,0,0,0,3
600,91,3,16,20,0,0,1,0,0,1
600,92,3,17,7,13,0,1,0,0,0
600,93,3,18,23,19,1,0,0,0,0
600,94,3,19,49,46,0,0,0,0,0
600,95,3,20,17,8,1,0,0,0,0
600,96,3,21,27,37,0,0,0,0,0
600,97,3,22,27,1,0,1,0,0,0
600,98,3,23,17,23,0,0,0,0,3
600,99,3,24,18,28,0,0,0,0,0
600,100,4,0,30,8,0,0,0,0,0
600,101,4,1,1,0,2,0,0,0,1
600,102,4,2,0,24,0,0,0,0,1
600,103,4,3,0,26,1,0,0,0,0
600,104,4,4,13,6,1,2,0,0,0
600,105,4,5,12,17,1,0,0,0,0
600,106,4,6,27,0,0,2,0,0,0
600,107,4,7,16,4,0,1,0,0,0
600,108,4,8,14,16,0,0,0,0,0
600,109,4,9,0,21,2,3,0,0,1
600,110,4,10,23,17,0,0,0,0,0
600,111,4,11,17,13,0,0,0,0,1
600,112,4,12,7,5,0,0,0,0,0
600,113,4,13,25,11,2,0,0,0,0
600,114,4,14,45,22,0,0,0,0,2
600,115,4,15,36,15,0,0,0,0,0
600,116,4,16,8,37,0,0,0,0,0
600,117,4,17,28,30,0,0,0,0,0
600,118,4,18,31,0,1,3,0,0,0
600,119,4,19,21,18,0,1,0,0,0
600,120,4,20,17,27,0,0,0,0,0
600,121,4,21,26,29,0,0,0,0,1
600,122,4,22,31,38,0,0,0,0,0
600,123,4,23,25,9,0,3,0,0,0
600,124,4,24,40,26,1,1,0,0,0
600,125,5,0,26,7,0,1,0,0,0
600,126,5,1,0,0,0,1,0,0,0
600,127,5,2,23,19,0,0,0,0,0
600,128,5,3,0,9,1,0,0,0,1
600,129,5,4,1,25,0,0,0,0,0
600,130,5,5,39,23,0,0,0,0,0
600,131,5,6,36,27,0,2,0,0,0
600,132,5,7,26,22,0,1,0,0,0
600,133,5,8,9,9,0,0,0,0,0
600,134,5,9,16,0,0,0,0,0,0
600,135,5,10,1,28,0,0,0,1,1
600,136,5,11,3,0,1,0,0,0,0
600,137,5,12,3,40,3,0,0,0,0
600,138,5,13,1,17,0,0,0,0,0
600,139,5,14,15,1,1,0,0,0,0
600,140,5,15,3,13,1,0,0,0,0
600,141,5,16,23,10,0,0,0,0,0
600,142,5,17,36,50,0,1,0,0,0
600,143,5,18,5,20,0,2,0,0,0
600,144,5,19,25,3,1,0,0,0,0
600,145,5,20,40,35,0,0,0,0,0
600,146,5,21,20,50,1,0,0,0,0
600,147,5,22,43,26,0,2,0,0,0
600,148,5,23,13,19,0,0,0,0,0
600,149,5,24,29,29,0,0,0,0,0
600,150,6,0,9,32,0,1,0,0,0
600,151,6,1,3,7,1,0,0,0,0
600,152,6,2,49,5,0,0,0,0,0
600,153,6,3,48,33,0,0,0,0,1
600,154,6,4,7,35,0,0,0,0,1
600,155,6,5,43,21,0,2,0,0,3
600,156,6,6,2,1,0,0,0,0,0
600,157,6,7,36,14,0,0,0,0,0
600,158,6,8,0,19,0,2,0,0,0
600,159,6,9,0,23,1,0,0,0,0
600,160,6,10,1,21,1,0,0,0,0
600,161,6,11,0,17,0,0,0,0,0
600,162,6,12,39,37,0,2,0,0,0
600,163,6,13,14,45,0,4,0,0,0
600,164,6,14,13,30,0,0,0,0,0
600,165,6,15,5,38,0,0,0,0,0
600,166,6,16,3,3,1,0,0,0,0
600,167,6,17,24,7,0,1,0,0,0
600,168,6,18,11,21,0,0,0,0,0
600,169,6,19,4,31,1,0,0,0,0
600,170,6,20,40,27,0,1,0,0,0
600,171,6,21,39,48,1,0,0,0,3
600,172,6,22,16,20,0,0,0,0,0
600,173,6,23,27,30,0,1,0,0,0
600,174,6,24,36,23,0,3,0,0,0
600,175,7,0,6,1,0,1,0,0,0
600,176,7,1,23,31,0,0,0,0,0
600,177,7,2,18,33,0,0,0,0,1
600,178,7,3,24,2,2,4,0,0,0
600,179,7,4,20,37,0,0,1,0,2
600,180,7,5,10,7,0,0,0,0,0
600,181,7,6,0,18,0,0,0,0,0
600,182,7,7,39,1,1,0,0,0,6
600,183,7,8,1,7,0,0,0,0,1
600,184,7,9,1,25,0,0,0,0,0
600,185,7,10,17,31,1,0,0,0,0
600,186,7,11,29,6,0,0,0,0,0
600,187,7,12,13,11,0,0,0,0,0
600,188,7,13,0,0,1,0,0,0,0
600,189,7,14,39,0,0,0,0,0,0
600,190,7,15,8,3,0,0,0,0,0
600,191,7,16,37,14,1,3,0,0,0
600,192,7,17,21,9,0,1,0,0,1
600,193,7,18,30,18,0,2,0,0,0
600,194,7,19,8,20,1,0,0,0,1
600,195,7,20,19,0,0,1,0,0,0
600,196,7,21,27,0,0,0,0,0,0
600,197,7,22,40,24,0,0,0,0,0
600,198,7,23,44,13,0,2,0,0,1
600,199,7,24,32,28,0,2,0,0,0
600,200,8,0,19,3,0,1,0,0,0
600,201,8,1,22,5,0,3,0,0,0
600,202,8,2,37,0,1,0,0,0,0
600,203,8,3,22,0,1,1,0,0,0
600,204,8,4,19,1,1,0,0,0,1
600,205,8,5,18,35,0,2,0,0,4
600,206,8,6,0,16,2,1,0,0,0
600,207,8,7,25,12,2,0,0,0,0
600,208,8,8,37,23,0,0,0,0,0
600,209,8,9,14,1,0,0,0,0,0
600,210,8,10,0,0,0,0,0,0,0
600,211,8,11,1,1,0,1,0,0,0
600,212,8,12,5,39,0,0,0,0,0
600,213,8,13,15,0,0,0,0,0,0
600,214,8,14,1,1,1,3,0,0,0
600,215,8,15,6,11,2,0,0,0,0
600,216,8,16,20,36,0,0,0,0,0
600,217,8,17,9,10,0,1,0,0,0
600,218,8,18,26,5,0,0,0,0,2
600,219,8,19,4,22,2,0,0,0,0
600,220,8,20,33,5,1,0,0,0,0
600,221,8,21,1,45,0,0,0,0,0
600,222,8,22,34,24,2,0,0,0,1
600,223,8,23,44,2,0,0,0,0,0
600,224,8,24,9,21,0,0,0,0,0
600,225,9,0,6,0,1,1,0,0,0
600,226,9,1,0,3,1,0,0,0,0
600,227,9,2,39,50,0,0,0,0,0
600,228,9,3,24,38,0,0,0,0,0
600,229,9,4,0,50,1,0,0,0,0
600,230,9,5,16,21,0,1,0,0,0
600,231,9,6,0,18,0,0,0,0,1
600,232,9,7,1,7,4,0,0,0,1
600,233,9,8,24,12,0,1,0,0,1
600,234,9,9,14,0,0,0,0,0,0
600,235,9,10,6,0,1,1,0,0,0
600,236,9,11,26,17,1,2,0,0,0
600,237,9,12,7,31,0,0,0,0,1
600,238,9,13,22,2,1,0,0,0,0
600,239,9,14,12,0,0,0,0,0,0
600,240,9,15,9,43,0,0,0,0,0
600,241,9,16,2,20,1,0,0,0,0
600,242,9,17,12,1,0,1,0,0,0
600,243,9,18,0,12,0,0,0,0,0
600,244,9,19,3,14,0,0,0,0,0
600,245,9,20,50,50,0,0,0,0,0
600,246,9,21,1,30,0,1,0,0,2
600,247,9,22,31,0,0,2,0,0,0
600,248,9,23,3,1,2,0,0,0,0
600,249,9,24,15,22,0,0,0,0,0
600,250,10,0,20,1,0,1,0,0,0
600,251,10,1,35,20,0,0,0,0,1
600,252,10,2,25,22,0,0,0,0,0
600,253,10,3,43,9,0,0,0,0,0
600,254,10,4,30,8,0,0,0,0,0
600,255,10,5,0,8,0,0,0,0,0
600,256,10,6,0,24,1,0,0,0,0
600,257,10,7,22,2,0,0,0,1,6
600,258,10,8,0,13,1,0,0,0,0
600,259,10,9,20,0,1,1,0,0,0
600,260,10,10,35,0,1,1,0,0,0
600,261,10,11,0,0,0,0,0,0,0
600,262,10,12,6,13,1,0,0,0,0
600,263,10,13,44,1,0,0,0,0,0
600,264,10,14,14,19,0,2,0,0,0
600,265,10,15,0,2,1,0,0,0,0
600,266,10,16,36,43,0,0,0,0,0
600,267,10,17,43,23,0,0,0,0,0
600,268,10,18,39,18,1,3,0,0,0
600,269,10,19,30,2,1,0,0,0,0
600,270,10,20,30,31,0,0,0,0,0
600,271,10,21,36,6,0,1,0,0,0
600,272,10,22,20,41,1,1,0,0,0
600,273,10,23,40,10,0,0,0,0,0
600,274,10,24,36,2,0,1,0,0,1
600,275,11,0,5,0,0,0,0,0,0
600,276,11,1,25,31,1,0,0,0,1
600,277,11,2,12,2,0,1,0,0,0
600,278,11,3,2,18,0,0,0,0,0
600,279,11,4,2,1,0,0,0,0,0
600,280,11,5,0,28,1,0,0,0,0
600,281,11,6,19,15,0,2,0,0,0
600,282,11,7,25,1,0,0,0,0,0
600,283,11,8,11,12,0,0,0,0,0
600,284,11,9,19,38,0,0,0,0,0
600,285,11,10,8,11,0,1,0,0,0
600,286,11,11,25,19,0,0,0,0,0
600,287,11,12,34,3,0,0,0,0,0
600,288,11,13,6,18,0,0,0,0,0
600,289,11,14,35,0,0,0,0,0,1
600,290,11,15,42,5,0,0,0,0,0
600,291,11,16,0,2,0,0,0,0,0
600,292,11,17,46,3,0,1,0,0,0
600,293,11,18,2,42,0,0,0,0,0
600,294,11,19,28,2,0,0,0,0,0
600,295,11,20,29,34,0,0,0,0,0
600,296,11,21,24,5,0,0,0,0,0
600,297,11,22,44,0,1,0,0,0,0
600,298,11,23,9,12,0,0,0,0,0
600,299,11,24,17,6,0,1,0,0,0
600,300,12,0,3,2,1,1,0,0,0
600,301,12,1,0,20,2,0,1,0,2
600,302,12,2,10,10,1,2,0,0,0
600,303,12,3,29,2,2,0,0,0,0
600,304,12,4,3,44,1,2,0,0,0
600,305,12,5,23,5,0,0,0,0,0
600,306,12,6,14,11,5,0,0,0,0
600,307,12,7,4,4,0,1,0,0,0
600,308,12,8,24,0,0,1,0,0,0
600,309,12,9,11,31,0,0,0,0,0
600,310,12,10,0,0,3,1,0,0,0
600,311,12,11,2,38,0,1,0,0,0
600,312,12,12,19,29,0,1,0,0,0
600,313,12,13,20,34,0,3,0,0,0
600,314,12,14,34,12,1,0,0,0,0
600,315,12,15,19,19,0,1,0,0,0
600,316,12,16,5,19,2,0,0,0,0
600,317,12,17,21,0,0,1,0,0,0
600,318,12,18,6,11,1,0,0,0,0
600,319,12,19,13,14,0,0,0,0,0
600,320,12,20,20,38,1,0,0,0,0
600,321,12,21,34,25,0,2,0,0,0
600,322,12,22,8,21,1,0,0,0,0
600,323,12,23,29,7,0,0,0,0,3
600,324,12,24,28,33,0,2,0,0,0
600,325,13,0,12,0,0,0,0,0,0
600,326,13,1,2,5,0,3,0,0,3
600,327,13,2,35,35,0,1,0,0,0
600,328,13,3,22,0,0,1,0,0,0
600,329,13,4,0,18,1,1,0,0,0
600,330,13,5,15,32,0,0,0,0,1
600,331,13,6,4,23,1,0,0,0,0
600,332,13,7,0,11,0,0,0,0,0
600,333,13,8,2,15,0,0,0,0,0
600,334,13,9,26,3,0,1,0,0,0
600,335,13,10,23,3,0,2,0,0,0
600,336,13,11,0,23,0,0,0,0,0
600,337,13,12,40,35,0,0,0,0,0
600,338,13,13,10,29,4,0,0,0,0
600,339,13,14,25,18,0,0,0,0,0
600,340,13,15,37,0,0,1,0,0,0
600,341,13,16,11,42,2,0,0,0,1
600,342,13,17,1,0,0,0,0,0,0
600,343,13,18,0,17,2,0,0,0,0
600,344,13,19,31,30,0,0,0,0,0
600,345,13,20,1,21,2,0,0,0,0
600,346,13,21,32,15,0,0,0,0,0
600,347,13,22,21,18,3,0,0,0,3
600,348,13,23,0,36,0,0,0,0,0
600,349,13,24,16,5,0,1,0,0,0
600,350,14,0,6,33,0,0,0,0,0
600,351,14,1,11,21,2,1,0,0,0
600,352,14,2,24,25,0,0,0,0,0
600,353,14,3,22,5,0,2,0,0,0
600,354,14,4,41,1,0,0,0,0,0
600,355,14,5,8,2,1,0,0,0,2
600,356,14,6,0,31,1,0,0,0,0
600,357,14,7,0,10,1,0,0,0,0
600,358,14,8,10,0,0,0,0,0,2
600,359,14,9,3,2,0,1,0,0,5
600,360,14,10,3,25,0,0,0,0,0
600,361,14,11,10,44,0,2,0,0,0
600,362,14,12,11,24,0,0,0,0,0
600,363,14,13,0,36,0,0,0,0,0
600,364,14,14,0,29,0,0,0,0,0
600,365,14,15,28,24,0,1,0,0,0
600,366,14,16,4,30,0,1,0,0,0
600,367,14,17,11,1,1,0,0,0,0
600,368,14,18,16,15,0,1,0,0,0
600,369,14,19,8,24,1,0,0,0,0
600,370,14,20,0,0,0,1,0,0,1
600,371,14,21,1,33,1,0,0,0,0
600,372,14,22,18,41,0,1,0,0,2
600,373,14,23,24,28,1,0,0,0,0
600,374,14,24,6,28,0,1,0,0,0
600,375,15,0,0,7,1,1,0,0,0
600,376,15,1,0,32,1,0,0,0,0
600,377,15,2,13,20,1,1,0,0,0
600,378,15,3,7,0,0,1,0,0,1
600,379,15,4,29,45,0,0,0,0,1
600,380,15,5,0,3,0,1,0,0,1
600,381,15,6,0,20,0,0,0,0,0
600,382,15,7,2,1,3,0,0,0,0
600,383,15,8,3,35,1,0,0,0,0
600,384,15,9,19,1,0,1,0,0,0
600,385,15,10,2,1,0,2,0,0,0
600,386,15,11,33,8,1,0,0,0,0
600,387,15,12,15,4,0,1,0,0,0
600,388,15,13,0,6,2,0,0,0,0
600,389,15,14,2,8,1,1,0,0,2
600,390,15,15,32,25,0,0,0,0,0
600,391,15,16,0,11,0,0,0,0,0
600,392,15,17,3,50,2,1,0,0,0
600,393,15,18,26,24,1,0,0,0,0
600,394,15,19,15,40,1,0,0,0,0
600,395,15,20,22,30,1,0,0,0,0
600,396,15,21,44,10,0,2,0,0,0
600,397,15,22,21,17,2,1,0,0,0
600,398,15,23,21,40,0,0,0,0,0
600,399,15,24,6,41,0,0,0,0,0
600,400,16,0,12,17,0,2,0,0,0
600,401,16,1,14,45,0,0,0,0,0
600,402,16,2,17,26,0,0,0,0,4
600,403,16,3,22,25,1,0,0,0,2
600,404,16,4,29,2,0,0,0,0,0
600,405,16,5,4,25,0,0,0,0,1
600,406,16,6,9,10,2,0,0,0,0
600,407,16,7,1,13,2,0,0,0,0
600,408,16,8,34,33,1,0,0,0,0
600,409,16,9,0,29,0,3,0,0,1
600,410,16,10,8,35,0,3,0,0,0
600,411,16,11,0,7,2,2,0,0,0
600,412,16,12,0,21,0,0,0,0,0
600,413,16,13,2,0,0,0,0,0,1
600,414,16,14,5,29,0,0,0,0,0
600,415,16,15,0,48,0,0,0,0,0
600,416,16,16,11,24,0,2,0,0,0
600,417,16,17,16,0,1,0,0,0,0
600,418,16,18,13,25,2,0,0,0,0
600,419,16,19,6,41,0,0,0,0,0
600,420,16,20,50,24,0,0,0,0,1
600,421,16,21,0,28,0,0,0,0,0
600,422,16,22,8,31,1,2,0,0,0
600,423,16,23,22,48,0,0,0,1,2
600,424,16,24,0,41,0,0,0,0,0
600,425,17,0,0,25,1,0,0,0,0
600,426,17,1,0,15,1,0,0,0,3
600,427,17,2,25,46,0,0,0,0,0
600,428,17,3,0,13,5,0,0,0,0
600,429,17,4,10,34,0,0,0,0,0
600,430,17,5,9,8,3,0,0,0,0
600,431,17,6,7,32,3,0,0,0,0
600,432,17,7,33,0,0,1,0,0,0
600,433,17,8,18,33,0,0,0,0,0
600,434,17,9,13,15,2,1,0,0,0
600,435,17,10,10,30,0,1,0,0,0
600,436,17,11,23,36,0,0,0,0,0
600,437,17,12,18,32,1,0,0,0,0
600,438,17,13,0,24,1,1,0,0,0
600,439,17,14,30,20,0,0,0,0,0
600,440,17,15,12,23,1,0,0,0,0
600,441,17,16,21,44,0,1,0,0,0
600,442,17,17,23,35,1,0,0,0,0
600,443,17,18,50,44,0,0,0,0,0
600,444,17,19,8,36,1,1,0,0,0
600,445,17,20,10,50,2,0,0,0,0
600,446,17,21,30,40,0,0,0,0,0
600,447,17,22,9,50,0,0,0,0,0
600,448,17,23,10,22,0,0,0,0,0
600,449,17,24,6,20,0,0,0,0,1
600,450,18,0,0,26,0,0,0,0,3
600,451,18,1,8,39,2,0,0,0,0
600,452,18,2,7,28,1,0,0,0,1
600,453,18,3,1,16,1,1,0,0,0
600,454,18,4,0,20,1,0,0,0,0
600,455,18,5,2,28,0,0,0,0,1
600,456,18,6,16,18,0,0,0,0,0
600,457,18,7,13,50,0,0,0,0,1
600,458,18,8,14,5,0,0,0,0,0
600,459,18,9,0,13,0,0,0,0,1
600,460,18,10,23,4,1,1,0,0,0
600,461,18,11,13,6,1,1,0,0,0
600,462,18,12,0,8,3,0,0,0,0
600,463,18,13,0,2,0,1,0,0,0
600,464,18,14,0,16,1,0,0,0,0
600,465,18,15,0,1,0,1,0,0,0
600,466,18,16,31,15,1,0,0,0,0
600,467,18,17,1,34,0,6,0,0,0
600,468,18,18,30,19,0,0,0,0,2
600,469,18,19,1,36,0,0,0,0,0
600,470,18,20,3,37,0,0,0,0,0
600,471,18,21,9,40,2,0,0,0,0
600,472,18,22,1,13,1,0,0,0,0
600,473,18,23,10,26,1,0,0,0,0
600,474,18,24,36,17,0,1,0,0,0
600,475,19,0,9,48,0,0,0,0,0
600,476,19,1,41,20,0,2,0,0,0
600,477,19,2,8,38,0,0,0,0,1
600,478,19,3,33,21,0,0,0,0,0
600,479,19,4,1,49,0,0,0,0,0
600,480,19,5,15,9,0,1,0,0,2
600,481,19,6,0,50,0,0,0,0,0
600,482,19,7,17,29,0,1,0,0,0
600,483,19,8,30,5,0,0,0,0,0
600,484,19,9,2,31,2,1,0,0,0
600,485,19,10,13,13,0,0,0,0,0
600,486,19,11,13,15,1,0,0,1,7
600,487,19,12,4,22,1,0,0,0,0
600,488,19,13,25,24,3,0,0,0,0
600,489,19,14,29,19,0,0,0,0,0
600,490,19,15,1,23,1,0,0,0,0
600,491,19,16,33,5,1,0,0,0,0
600,492,19,17,0,5,0,0,0,0,0
600,493,19,18,29,33,1,0,0,0,0
600,494,19,19,6,23,0,0,0,0,0
600,495,19,20,40,10,1,2,0,0,0
600,496,19,21,7,13,0,0,0,0,0
600,497,19,22,31,5,0,1,0,0,0
600,498,19,23,7,24,0,3,0,0,0
600,499,19,24,36,37,0,0,0,0,0
600,500,20,0,4,33,0,0,0,0,0
600,501,20,1,35,7,0,0,0,0,2
600,502,20,2,23,45,0,0,0,0,0
600,503,20,3,0,41,0,0,0,0,0
600,504,20,4,44,23,0,0,0,0,0
600,505,20,5,22,26,0,0,0,0,0
600,506,20,6,46,2,0,0,0,0,0
600,507,20,7,3,0,1,0,0,0,0
600,508,20,8,27,18,2,0,0,0,0
600,509,20,9,31,27,0,1,0,0,0
600,510,20,10,17,18,0,0,0,0,0
600,511,20,11,0,2,0,0,0,0,0
600,512,20,12,23,38,0,0,0,0,2
600,513,20,13,32,43,0,0,0,0,0
600,514,20,14,4,32,0,0,0,0,0
600,515,20,15,31,42,3,0,0,0,0
600,516,20,16,0,28,3,0,0,0,0
600,517,20,17,0,15,1,1,0,0,1
600,518,20,18,1,16,0,0,0,0,0
600,519,20,19,10,45,0,0,0,0,0
600,520,20,20,24,23,0,0,0,0,0
600,521,20,21,19,26,0,0,0,0,0
600,522,20,22,21,50,1,0,0,0,0
600,523,20,23,35,40,0,0,0,0,1
600,524,20,24,37,14,0,1,0,0,0
600,525,21,0,14,45,2,0,0,0,0
600,526,21,1,24,42,0,0,0,0,0
600,527,21,2,33,31,0,1,0,0,0
600,528,21,3,39,37,0,5,0,0,0
600,529,21,4,22,50,0,0,0,0,0
600,530,21,5,12,13,1,0,0,0,0
600,531,21,6,16,21,1,1,0,0,0
600,532,21,7,10,35,0,0,0,0,0
600,533,21,8,0,49,0,0,0,0,0
600,534,21,9,0,20,1,3,0,0,1
600,535,21,10,2,17,3,0,0,0,0
600,536,21,11,25,44,1,0,0,0,0
600,537,21,12,34,28,0,2,0,0,1
600,538,21,13,1,1,1,0,0,0,0
600,539,21,14,0,14,0,0,0,0,4
600,540,21,15,25,1,0,1,0,0,0
600,541,21,16,0,48,0,1,0,0,0
600,542,21,17,2,9,1,0,0,0,0
600,543,21,18,19,34,2,0,0,0,0
600,544,21,19,0,43,1,0,0,0,0
600,545,21,20,12,8,1,0,0,0,0
600,546,21,21,33,50,0,0,0,0,0
600,547,21,22,46,14,0,0,0,0,0
600,548,21,23,32,16,0,0,0,0,0
600,549,21,24,47,36,1,0,0,0,0
600,550,22,0,21,6,0,1,0,0,0
600,551,22,1,37,26,0,1,0,0,0
600,552,22,2,50,49,0,0,0,0,1
600,553,22,3,17,44,0,0,0,0,0
600,554,22,4,30,19,0,1,0,0,0
600,555,22,5,0,36,0,0,0,0,0
600,556,22,6,32,45,1,0,0,0,0
600,557,22,7,6,30,0,0,0,0,0
600,558,22,8,34,44,0,0,0,0,1
600,559,22,9,37,45,1,0,0,0,0
600,560,22,10,33,50,0,0,0,0,0
600,561,22,11,20,21,2,0,0,0,0
600,562,22,12,20,14,7,2,0,0,0
600,563,22,13,43,20,0,1,0,0,0
600,564,22,14,11,33,1,0,0,0,0
600,565,22,15,50,41,0,3,0,0,0
600,566,22,16,30,32,0,0,0,0,0
600,567,22,17,38,0,1,1,0,0,0
600,568,22,18,8,21,0,4,0,0,0
600,569,22,19,50,31,0,0,0,0,0
600,570,22,20,21,6,0,0,0,0,0
600,571,22,21,18,37,0,0,0,0,0
600,572,22,22,28,33,0,0,0,0,0
600,573,22,23,23,3,0,0,0,0,0
600,574,22,24,37,42,0,0,0,0,0
600,575,23,0,19,34,1,0,0,0,0
600,576,23,1,44,5,0,1,0,0,0
600,577,23,2,16,37,0,0,0,0,0
600,578,23,3,37,15,0,5,0,0,0
600,579,23,4,19,31,0,1,0,0,0
600,580,23,5,24,15,0,1,0,0,0
600,581,23,6,47,8,0,0,0,0,0
600,582,23,7,27,9,0,0,0,0,0
600,583,23,8,1,41,0,0,0,0,0
600,584,23,9,27,26,1,0,0,0,0
600,585,23,10,0,33,3,0,0,0,0
600,586,23,11,50,20,0,0,0,0,0
600,587,23,12,11,45,0,1,0,0,0
600,588,23,13,23,29,0,0,0,0,0
600,589,23,14,19,20,0,0,0,0,0
600,590,23,15,26,23,0,0,0,0,0
600,591,23,16,20,33,0,1,0,0,1
600,592,23,17,20,33,1,1,0,0,0
600,593,23,18,10,18,0,1,0,0,0
600,594,23,19,43,48,0,0,0,0,0
600,595,23,20,0,0,0,2,0,0,0
600,596,23,21,26,18,0,0,0,0,0
600,597,23,22,44,0,0,0,0,0,0
600,598,23,23,21,20,3,0,0,0,0
600,599,23,24,21,50,1,0,0,0,0
600,600,24,0,3,27,0,1,0,0,0
600,601,24,1,22,35,0,0,0,0,0
600,602,24,2,32,13,0,1,0,0,0
600,603,24,3,20,40,0,0,0,0,0
600,604,24,4,16,19,0,0,0,0,0
600,605,24,5,5,23,0,0,0,0,1
600,606,24,6,36,10,0,0,0,0,0
600,607,24,7,28,18,0,0,0,0,0
600,608,24,8,43,35,1,0,0,0,0
600,609,24,9,10,1,0,1,0,0,0
600,610,24,10,1,41,1,1,0,0,0
600,611,24,11,50,30,0,1,0,0,0
600,612,24,12,16,0,0,1,0,0,0
600,613,24,13,2,18,0,0,0,0,0
600,614,24,14,32,10,0,0,0,0,0
600,615,24,15,33,24,0,2,0,0,0
600,616,24,16,9,0,0,0,0,0,0
600,617,24,17,32,24,0,0,0,0,0
600,618,24,18,0,5,1,0,0,0,0
600,619,24,19,45,0,0,0,0,0,0
600,620,24,20,50,4,0,1,0,0,0
600,621,24,21,32,41,0,0,0,0,0
600,622,24,22,33,32,0,0,0,0,0
600,623,24,23,12,45,0,0,0,0,0
600,624,24,24,32,22,5,0,0,0,0
700,0,0,0,0,0,0,1,0,0,2
700,1,0,1,26,0,5,0,0,0,0
700,2,0,2,0,0,0,0,0,0,0
700,3,0,3,23,0,1,0,0,0,0
700,4,0,4,16,0,2,0,0,0,0
700,5,0,5,33,3,0,3,0,0,0
700,6,0,6,0,15,1,0,1,0,1
700,7,0,7,1,1,0,1,0,0,0
700,8,0,8,0,0,2,1,0,0,0
700,9,0,9,6,24,0,0,0,0,0
700,10,0,10,1,0,0,0,0,0,1
700,11,0,11,0,0,2,0,0,0,0
700,12,0,12,0,0,1,0,0,0,0
700,13,0,13,3,13,1,0,0,0,0
700,14,0,14,5,0,2,2,0,0,1
700,15,0,15,2,8,1,0,0,0,2
700,16,0,16,11,2,1,2,0,0,0
700,17,0,17,12,25,0,0,0,0,1
700,18,0,18,0,0,2,2,0,0,1
700,19,0,19,0,0,2,0,0,0,0
700,20,0,20,35,0,0,1,0,0,0
700,21,0,21,46,11,0,1,0,0,0
700,22,0,22,0,26,0,0,0,0,0
700,23,0,23,4,1,1,0,0,0,0
700,24,0,24,19,30,4,0,0,0,1
700,25,1,0,0,0,0,4,1,1,2
700,26,1,1,2,0,0,2,0,0,0
700,27,1,2,15,9,0,0,0,0,0
700,28,1,3,0,2,2,0,0,0,0
700,29,1,4,2,26,0,0,0,0,0
700,30,1,5,0,9,3,1,0,0,0
700,31,1,6,15,11,0,2,0,0,0
700,32,1,7,39,6,0,1,0,0,0
700,33,1,8,6,15,0,0,0,0,3
700,34,1,9,4,27,4,1,0,0,0
700,35,1,10,4,47,0,0,0,0,0
700,36,1,11,28,11,0,2,0,0,0
700,37,1,12,0,0,0,1,0,0,0
700,38,1,13,29,29,0,0,0,0,0
700,39,1,14,6,25,1,0,0,0,0
700,40,1,15,2,27,2,5,0,0,0
700,41,1,16,0,25,0,1,0,0,0
700,42,1,17,0,3,0,0,0,0,0
700,43,1,18,42,22,0,1,0,0,0
700,44,1,19,34,8,1,0,0,0,0
700,45,1,20,1,34,1,1,0,0,0
700,46,1,21,29,18,0,1,0,0,0
700,47,1,22,36,21,0,2,0,0,0
700,48,1,23,8,0,0,0,0,0,1
700,49,1,24,11,37,1,0,0,0,0
700,50,2,0,1,0,3,0,0,0,0
700,51,2,1,5,31,0,0,0,0,0
700,52,2,2,12,0,3,0,0,0,1
700,53,2,3,41,6,0,0,0,0,0
700,54,2,4,40,2,0,1,0,0,0
700,55,2,5,0,0,2,0,0,0,0
700,56,2,6,21,6,1,0,0,0,0
700,57,2,7,39,49,0,0,0,0,0
700,58,2,8,22,27,0,0,0,0,1
700,59,2,9,0,27,0,2,0,0,0
700,60,2,10,0,28,1,0,0,0,0
700,61,2,11,1,30,0,0,0,0,1
700,62,2,12,2,0,4,0,0,0,0
700,63,2,13,0,17,1,0,0,0,1
700,64,2,14,9,22,0,1,0,0,0
700,65,2,15,0,6,0,0,0,0,0
700,66,2,16,0,31,0,0,0,0,0
700,67,2,17,0,29,0,0,0,0,0
700,68,2,18,20,39,0,0,0,0,0
700,69,2,19,6,2,0,0,0,0,0
700,70,2,20,25,17,1,0,0,0,0
700,71,2,21,26,15,0,2,0,0,3
700,72,2,22,10,35,0,1,0,0,0
700,73,2,23,10,9,1,1,0,0,0
700,74,2,24,31,34,0,0,0,0,0
700,75,3,0,1,2,0,3,0,0,0
700,76,3,1,0,7,4,0,0,0,0
700,77,3,2,25,4,0,0,0,0,0
700,78,3,3,1,8,0,1,0,0,1
700,79,3,4,0,16,0,1,0,0,0
700,80,3,5,6,0,0,3,0,0,0
700,81,3,6,8,0,1,0,0,0,1
700,82,3,7,3,32,4,0,0,0,0
700,83,3,8,19,2,1,1,0,0,0
700,84,3,9,0,0,0,3,0,0,0
700,85,3,10,0,28,2,2,0,0,1
700,86,3,11,15,0,2,1,0,0,0
700,87,3,12,0,25,0,0,0,0,1
700,88,3,13,0,30,2,0,0,0,0
700,89,3,14,3,23,1,0,0,0,0
700,90,3,15,3,3,0,0,0,0,0
700,91,3,16,3,0,0,1,0,0,0
700,92,3,17,0,35,0,2,0,0,0
700,93,3,18,18,0,1,3,0,0,3
700,94,3,19,18,39,0,1,0,0,0
700,95,3,20,15,31,2,0,0,0,0
700,96,3,21,4,32,0,0,0,0,0
700,97,3,22,0,46,1,1,0,0,0
700,98,3,23,1,1,1,2,0,0,0
700,99,3,24,19,22,0,0,0,0,0
700,100,4,0,0,4,2,1,0,0,3
700,101,4,1,47,0,0,0,0,0,0
700,102,4,2,3,20,0,0,0,0,0
700,103,4,3,0,10,0,0,0,0,0
700,104,4,4,38,2,0,0,0,0,0
700,105,4,5,0,9,1,2,0,0,0
700,106,4,6,23,2,0,0,0,0,0
700,107,4,7,0,4,2,1,0,0,0
700,108,4,8,8,27,0,4,0,0,0
700,109,4,9,2,27,1,1,0,0,0
700,110,4,10,0,22,0,0,0,0,0
700,111,4,11,0,4,1,1,0,0,0
700,112,4,12,11,50,1,0,0,0,0
700,113,4,13,41,17,0,0,0,0,1
700,114,4,14,25,31,0,0,0,0,0
700,115,4,15,28,23,0,0,0,0,1
700,116,4,16,19,1,0,0,0,0,0
700,117,4,17,5,18,0,0,0,0,0
700,118,4,18,31,14,0,2,0,0,0
700,119,4,19,4,29,0,0,0,0,0
700,120,4,20,42,22,0,0,0,0,0
700,121,4,21,32,29,0,0,0,0,1
700,122,4,22,38,28,0,0,0,0,0
700,123,4,23,25,25,0,0,0,0,0
700,124,4,24,2,22,0,1,0,0,0
700,125,5,0,1,1,0,0,0,0,0
700,126,5,1,32,4,1,0,0,0,3
700,127,5,2,18,22,1,0,0,0,0
700,128,5,3,28,14,0,1,0,0,0
700,129,5,4,1,0,0,1,1,0,1
700,130,5,5,7,28,0,0,0,0,0
700,131,5,6,16,20,0,1,0,0,0
700,132,5,7,2,15,1,0,0,0,0
700,133,5,8,1,0,3,2,0,0,1
700,134,5,9,20,37,0,1,0,0,0
700,135,5,10,14,3,1,1,0,0,4
700,136,5,11,9,0,1,1,0,0,0
700,137,5,12,0,26,0,2,0,0,0
700,138,5,13,1,0,0,2,0,0,0
700,139,5,14,7,12,1,0,0,0,0
700,140,5,15,12,0,0,0,0,0,1
700,141,5,16,3,15,3,0,0,0,0
700,142,5,17,11,18,0,0,0,0,4
700,143,5,18,2,14,4,2,0,0,0
700,144,5,19,8,9,0,0,0,0,0
700,145,5,20,6,10,0,0,0,0,0
700,146,5,21,1,15,1,0,0,1,2
700,147,5,22,25,40,0,0,0,0,1
700,148,5,23,20,8,0,2,0,0,0
700,149,5,24,8,31,1,0,0,0,0
700,150,6,0,1,0,0,0,0,0,0
700,151,6,1,24,2,0,0,0,0,1
700,152,6,2,10,14,0,0,0,0,0
700,153,6,3,0,4,3,0,0,0,0
700,154,6,4,21,17,0,0,0,0,2
700,155,6,5,28,0,2,0,0,0,0
700,156,6,6,15,4,0,1,0,0,0
700,157,6,7,14,22,0,0,0,0,0
700,158,6,8,21,0,0,0,0,0,0
700,159,6,9,35,42,0,0,0,0,1
700,160,6,10,17,11,0,0,0,0,2
700,161,6,11,14,8,1,1,0,0,1
700,162,6,12,1,8,0,0,0,0,0
700,163,6,13,34,0,0,0,0,0,0
700,164,6,14,11,0,1,1,0,0,0
700,165,6,15,2,47,2,0,0,0,0
700,166,6,16,0,21,1,1,0,0,1
700,167,6,17,20,19,0,0,0,0,0
700,168,6,18,36,0,0,1,0,0,0
700,169,6,19,0,28,0,1,0,0,0
700,170,6,20,3,26,0,0,0,0,0
700,171,6,21,13,25,0,1,0,0,1
700,172,6,22,18,33,2,0,0,0,0
700,173,6,23,16,21,1,1,0,0,2
700,174,6,24,0,5,1,1,0,0,0
700,175,7,0,1,0,3,0,0,1,1
700,176,7,1,24,0,0,0,0,0,0
700,177,7,2,12,3,1,0,0,0,0
700,178,7,3,9,0,0,4,0,0,2
700,179,7,4,0,21,2,0,0,0,1
700,180,7,5,1,15,1,0,0,0,0
700,181,7,6,26,12,1,3,0,0,0
700,182,7,7,0,13,1,0,0,0,0
700,183,7,8,5,1,0,0,0,0,0
700,184,7,9,5,24,1,0,0,0,0
700,185,7,10,8,16,0,0,0,0,0
700,186,7,11,8,7,0,1,0,0,0
700,187,7,12,22,9,0,0,1,0,1
700,188,7,13,3,21,0,0,0,0,0
700,189,7,14,6,1,3,0,0,0,0
700,190,7,15,40,38,0,0,0,0,0
700,191,7,16,15,19,0,0,0,0,1
700,192,7,17,2,13,1,1,0,0,0
700,193,7,18,0,0,1,1,0,0,0
700,194,7,19,25,36,1,1,0,0,0
700,195,7,20,36,2,0,0,0,0,0
700,196,7,21,28,29,0,1,0,0,0
700,197,7,22,31,25,0,0,0,0,0
700,198,7,23,7,3,0,0,0,0,0
700,199,7,24,6,34,0,0,0,0,1
700,200,8,0,2,2,0,4,0,0,0
700,201,8,1,16,0,0,0,0,0,0
700,202,8,2,39,17,0,3,0,0,0
700,203,8,3,35,2,0,0,0,0,0
700,204,8,4,1,3,1,1,0,0,0
700,205,8,5,10,3,0,0,0,0,0
700,206,8,6,7,32,0,0,0,0,0
700,207,8,7,13,13,1,0,0,0,0
700,208,8,8,8,0,0,2,0,0,0
700,209,8,9,20,0,1,0,0,0,0
700,210,8,10,5,26,0,0,0,0,0
700,211,8,11,21,0,1,0,0,0,2
700,212,8,12,6,24,2,0,0,0,0
700,213,8,13,3,3,2,0,0,0,0
700,214,8,14,1,25,0,0,0,0,0
700,215,8,15,10,0,0,3,0,0,0
700,216,8,16,1,1,1,0,1,0,2
700,217,8,17,0,36,0,0,0,0,0
700,218,8,18,1,0,0,0,0,0,0
700,219,8,19,8,15,1,3,0,0,0
700,220,8,20,2,28,1,0,0,0,2
700,221,8,21,32,2,0,2,0,0,0
700,222,8,22,39,31,0,0,0,0,0
700,223,8,23,3,30,1,0,0,0,0
700,224,8,24,35,19,0,1,0,0,0
700,225,9,0,9,0,0,1,0,0,1
700,226,9,1,26,0,0,2,0,0,0
700,227,9,2,26,0,0,0,0,0,0
700,228,9,3,0,4,1,2,0,0,0
700,229,9,4,24,7,1,1,0,0,2
700,230,9,5,0,23,3,0,0,0,0
700,231,9,6,19,22,0,0,0,0,0
700,232,9,7,23,30,0,0,0,0,0
700,233,9,8,10,38,1,2,0,0,0
700,234,9,9,0,40,0,0,0,0,0
700,235,9,10,1,11,0,0,0,0,0
700,236,9,11,1,20,0,0,0,0,1
700,237,9,12,15,37,0,0,0,0,0
700,238,9,13,22,4,0,0,0,0,0
700,239,9,14,34,29,0,1,0,0,0
700,240,9,15,16,37,0,0,0,0,0
700,241,9,16,0,5,0,0,0,0,4
700,242,9,17,32,11,0,0,0,0,0
700,243,9,18,33,35,0,0,0,0,0
700,244,9,19,0,10,0,2,0,0,0
700,245,9,20,12,28,0,0,0,0,2
700,246,9,21,40,17,0,0,0,0,0
700,247,9,22,5,34,1,0,0,0,0
700,248,9,23,4,43,0,0,0,0,0
700,249,9,24,41,32,0,1,0,0,2
700,250,10,0,31,1,0,0,0,0,0
700,251,10,1,2,18,0,1,0,0,0
700,252,10,2,0,0,0,0,0,0,0
700,253,10,3,2,24,5,1,0,0,1
700,254,10,4,0,0,2,4,0,0,0
700,255,10,5,6,1,0,0,0,0,0
700,256,10,6,24,25,0,0,0,0,0
700,257,10,7,21,14,0,0,0,0,0
700,258,10,8,4,1,0,4,0,0,0
700,259,10,9,26,0,0,1,0,0,0
700,260,10,10,0,2,1,2,0,0,0
700,261,10,11,12,29,3,0,0,0,0
700,262,10,12,24,0,0,0,0,0,0
700,263,10,13,37,21,0,0,0,0,0
700,264,10,14,0,14,0,3,0,0,0
700,265,10,15,22,0,0,0,0,1,1
700,266,10,16,50,16,0,0,0,0,0
700,267,10,17,43,4,0,2,0,0,0
700,268,10,18,8,25,0,0,0,0,0
700,269,10,19,20,5,0,0,0,0,0
700,270,10,20,7,33,2,0,0,0,1
700,271,10,21,31,17,0,1,0,0,0
700,272,10,22,14,5,0,1,0,0,0
700,273,10,23,39,9,0,1,0,0,0
700,274,10,24,32,37,0,0,0,0,0
700,275,11,0,0,0,1,0,0,0,0
700,276,11,1,0,22,0,0,0,0,0
700,277,11,2,30,0,1,3,0,0,0
700,278,11,3,0,12,2,0,0,0,0
700,279,11,4,21,20,1,0,0,0,0
700,280,11,5,0,25,1,0,1,0,1
700,281,11,6,11,7,0,1,0,0,0
700,282,11,7,0,2,0,1,0,0,0
700,283,11,8,2,13,3,0,0,0,0
700,284,11,9,0,34,2,1,0,0,1
700,285,11,10,33,25,1,0,0,0,0
700,286,11,11,0,12,1,0,0,0,0
700,287,11,12,3,10,0,0,0,0,0
700,288,11,13,15,21,1,0,0,0,0
700,289,11,14,5,3,1,1,0,0,0
700,290,11,15,0,8,0,0,0,0,0
700,291,11,16,7,0,0,1,0,0,0
700,292,11,17,0,0,0,0,0,0,0
700,293,11,18,25,4,1,0,0,0,1
700,294,11,19,30,32,0,0,0,0,0
700,295,11,20,0,0,2,4,0,0,0
700,296,11,21,0,1,4,3,0,0,0
700,297,11,22,31,36,0,0,0,0,2
700,298,11,23,32,0,0,0,0,0,0
700,299,11,24,1,22,4,0,0,0,0
700,300,12,0,9,5,1,1,0,0,2
700,301,12,1,5,15,1,0,0,0,0
700,302,12,2,32,29,1,0,0,0,0
700,303,12,3,3,23,0,0,0,0,0
700,304,12,4,3,23,2,0,0,0,0
700,305,12,5,14,27,0,0,0,0,0
700,306,12,6,20,0,0,0,0,0,0
700,307,12,7,20,1,0,0,0,0,0
700,308,12,8,27,18,2,1,0,0,0
700,309,12,9,6,11,1,0,0,0,2
700,310,12,10,30,7,0,0,0,0,2
700,311,12,11,32,0,0,0,0,0,0
700,312,12,12,0,0,1,0,0,0,0
700,313,12,13,7,19,2,0,0,0,0
700,314,12,14,32,1,1,1,0,0,0
700,315,12,15,0,18,0,1,0,0,0
700,316,12,16,0,37,0,0,0,0,0
700,317,12,17,1,35,0,0,0,0,0
700,318,12,18,37,13,0,0,0,0,0
700,319,12,19,0,0,1,0,0,0,0
700,320,12,20,10,29,2,0,0,0,0
700,321,12,21,19,43,0,0,0,0,0
700,322,12,22,43,37,1,0,0,0,0
700,323,12,23,29,43,0,0,0,0,0
700,324,12,24,22,36,0,2,0,0,0
700,325,13,0,0,0,3,0,0,0,2
700,326,13,1,0,0,0,0,0,0,0
700,327,13,2,35,14,0,0,0,0,0
700,328,13,3,22,0,0,0,0,0,0
700,329,13,4,34,8,1,1,0,0,0
700,330,13,5,8,26,0,0,0,0,1
700,331,13,6,34,14,0,0,0,0,0
700,332,13,7,29,0,0,1,0,0,0
700,333,13,8,3,7,0,0,0,0,0
700,334,13,9,20,1,2,1,0,0,0
700,335,13,10,21,7,0,2,0,0,0
700,336,13,11,0,5,0,1,0,0,0
700,337,13,12,5,11,0,0,0,0,2
700,338,13,13,15,46,0,2,0,0,0
700,339,13,14,23,7,1,0,0,0,0
700,340,13,15,46,7,0,0,0,0,0
700,341,13,16,50,1,0,0,0,0,0
700,342,13,17,26,20,0,1,0,0,2
700,343,13,18,1,34,4,0,0,0,0
700,344,13,19,2,6,2,0,0,0,0
700,345,13,20,0,0,0,0,0,0,0
700,346,13,21,38,28,0,0,0,0,0
700,347,13,22,15,0,0,0,0,0,0
700,348,13,23,28,43,0,2,0,0,0
700,349,13,24,35,35,0,0,0,0,0
700,350,14,0,26,29,0,1,0,0,0
700,351,14,1,27,7,0,0,0,0,1
700,352,14,2,0,2,0,3,0,0,0
700,353,14,3,5,3,0,1,0,0,0
700,354,14,4,43,3,0,0,0,0,0
700,355,14,5,9,2,0,0,0,0,0
700,356,14,6,1,29,3,0,0,0,2
700,357,14,7,23,0,0,1,0,0,0
700,358,14,8,10,0,1,10,0,0,0
700,359,14,9,0,20,3,1,0,0,0
700,360,14,10,5,33,0,0,0,0,2
700,361,14,11,30,1,0,1,0,0,1
700,362,14,12,16,5,3,0,0,0,0
700,363,14,13,0,0,0,0,0,0,0
700,364,14,14,18,13,0,0,0,0,0
700,365,14,15,3,41,1,0,0,0,0
700,366,14,16,2,4,2,0,0,0,0
700,367,14,17,18,6,0,1,0,0,0
700,368,14,18,29,35,0,0,0,0,0
700,369,14,19,23,32,0,0,0,0,0
700,370,14,20,23,14,0,1,0,0,3
700,371,14,21,1,1,0,0,0,0,0
700,372,14,22,46,8,0,0,0,0,2
700,373,14,23,25,2,0,1,0,0,3
700,374,14,24,17,28,0,1,0,0,0
700,375,15,0,0,0,1,1,0,0,1
700,376,15,1,11,3,1,0,0,0,1
700,377,15,2,3,14,2,1,0,0,0
700,378,15,3,22,4,0,5,0,0,0
700,379,15,4,17,13,1,0,0,0,0
700,380,15,5,39,22,0,1,0,0,0
700,381,15,6,41,11,0,0,0,0,0
700,382,15,7,9,27,1,1,0,0,0
700,383,15,8,21,9,0,0,0,0,0
700,384,15,9,18,43,1,0,0,0,0
700,385,15,10,1,1,0,0,0,0,0
700,386,15,11,17,0,0,1,0,0,0
700,387,15,12,0,0,1,1,0,0,1
700,388,15,13,0,33,0,1,0,0,0
700,389,15,14,24,2,0,3,0,0,0
700,390,15,15,5,33,0,0,0,0,0
700,391,15,16,15,18,1,1,0,0,3
700,392,15,17,34,9,0,2,0,0,0
700,393,15,18,0,29,4,0,0,0,0
700,394,15,19,16,15,0,2,0,0,0
700,395,15,20,0,3,0,0,0,0,0
700,396,15,21,4,32,0,1,0,0,0
700,397,15,22,4,27,2,1,0,0,0
700,398,15,23,12,47,0,0,0,0,0
700,399,15,24,29,9,1,0,0,0,0
700,400,16,0,30,15,0,1,0,0,3
700,401,16,1,22,8,0,0,0,0,0
700,402,16,2,0,0,1,0,0,0,0
700,403,16,3,26,50,0,0,0,0,0
700,404,16,4,15,1,1,1,0,0,0
700,405,16,5,31,33,0,0,0,0,1
700,406,16,6,43,3,0,0,0,0,0
700,407,16,7,9,2,0,1,0,0,1
700,408,16,8,9,4,1,0,0,0,0
700,409,16,9,33,3,0,2,0,0,0
700,410,16,10,0,28,0,0,0,0,4
700,411,16,11,0,38,0,0,0,0,1
700,412,16,12,2,5,0,0,0,0,0
700,413,16,13,37,36,0,0,0,0,0
700,414,16,14,31,3,1,0,0,0,1
700,415,16,15,20,41,1,0,0,0,0
700,416,16,16,32,1,0,1,0,0,0
700,417,16,17,33,11,2,0,0,0,0
700,418,16,18,0,1,0,1,0,0,0
700,419,16,19,32,5,0,0,0,0,1
700,420,16,20,6,14,1,0,0,0,0
700,421,16,21,1,38,3,0,0,0,0
700,422,16,22,22,22,1,0,0,0,0
700,423,16,23,40,19,0,0,0,0,3
700,424,16,24,50,10,0,0,0,0,0
700,425,17,0,8,1,0,2,0,0,0
700,426,17,1,49,32,0,0,0,0,0
700,427,17,2,48,5,0,2,0,0,0
700,428,17,3,6,15,0,3,0,0,0
700,429,17,4,0,50,0,0,0,0,0
700,430,17,5,28,25,0,2,0,0,1
700,431,17,6,35,28,0,0,0,0,0
700,432,17,7,25,6,1,0,0,0,0
700,433,17,8,26,27,0,0,0,0,0
700,434,17,9,13,10,0,1,1,0,1
700,435,17,10,2,1,0,0,0,0,0
700,436,17,11,11,31,3,0,0,0,0
700,437,17,12,11,16,0,0,0,0,0
700,438,17,13,0,29,1,1,0,0,0
700,439,17,14,33,31,1,0,0,0,0
700,440,17,15,31,6,0,1,0,0,0
700,441,17,16,35,19,1,0,0,0,0
700,442,17,17,20,0,0,1,0,0,0
700,443,17,18,28,43,0,0,0,0,0
700,444,17,19,5,15,0,0,0,0,0
700,445,17,20,33,50,1,0,0,0,0
700,446,17,21,25,9,1,0,0,0,0
700,447,17,22,2,26,3,0,0,0,0
700,448,17,23,35,4,1,1,0,0,0
700,449,17,24,36,38,0,0,0,0,0
700,450,18,0,21,0,0,2,0,0,0
700,451,18,1,0,38,2,0,0,0,0
700,452,18,2,1,46,0,0,0,0,0
700,453,18,3,0,36,1,3,0,0,0
700,454,18,4,19,50,0,0,0,0,0
700,455,18,5,23,50,0,0,0,0,0
700,456,18,6,27,36,1,0,0,0,0
700,457,18,7,17,35,0,0,0,0,1
700,458,18,8,22,12,2,3,1,0,1
700,459,18,9,35,29,0,0,0,0,0
700,460,18,10,40,3,0,1,0,0,0
700,461,18,11,15,17,0,0,0,0,0
700,462,18,12,14,17,2,0,0,0,0
700,463,18,13,24,20,0,1,0,0,0
700,464,18,14,22,8,0,2,0,0,4
700,465,18,15,0,1,0,2,0,0,0
700,466,18,16,7,4,1,0,0,0,0
700,467,18,17,6,11,1,0,0,0,0
700,468,18,18,50,24,0,0,0,0,0
700,469,18,19,0,29,0,0,0,0,1
700,470,18,20,20,7,0,1,0,0,0
700,471,18,21,17,0,0,2,0,0,0
700,472,18,22,3,19,0,1,0,0,0
700,473,18,23,17,29,1,0,0,0,0
700,474,18,24,35,1,0,0,0,0,0
700,475,19,0,0,0,1,0,0,0,0
700,476,19,1,46,0,0,0,0,0,1
700,477,19,2,22,7,3,0,0,0,0
700,478,19,3,10,49,1,0,0,0,0
700,479,19,4,50,43,0,0,0,0,0
700,480,19,5,39,37,0,0,0,0,0
700,481,19,6,2,30,1,0,0,0,2
700,482,19,7,41,0,0,0,0,0,0
700,483,19,8,47,12,0,2,0,0,0
700,484,19,9,16,0,0,0,0,0,1
700,485,19,10,12,0,0,4,0,0,1
700,486,19,11,37,16,0,2,0,0,0
700,487,19,12,9,29,0,1,0,0,0
700,488,19,13,15,22,0,1,0,0,0
700,489,19,14,26,14,0,0,0,0,0
700,490,19,15,50,30,0,1,0,0,0
700,491,19,16,46,31,0,1,0,0,0
700,492,19,17,0,37,0,0,0,0,0
700,493,19,18,14,5,0,0,0,0,1
700,494,19,19,2,11,0,0,0,0,0
700,495,19,20,31,0,0,1,0,0,0
700,496,19,21,5,16,0,1,0,0,0
700,497,19,22,21,43,1,0,0,0,2
700,498,19,23,24,7,0,0,0,0,0
700,499,19,24,29,1,1,0,0,0,0
700,500,20,0,32,37,3,0,0,0,0
700,501,20,1,28,21,0,2,0,0,0
700,502,20,2,0,5,0,0,0,0,0
700,503,20,3,39,12,0,0,0,0,0
700,504,20,4,36,45,1,0,0,0,0
700,505,20,5,45,26,0,1,0,0,0
700,506,20,6,29,21,0,0,0,0,0
700,507,20,7,43,46,0,0,0,0,0
700,508,20,8,28,29,0,1,0,0,0
700,509,20,9,20,41,0,0,0,0,0
700,510,20,10,43,25,0,2,0,0,1
700,511,20,11,32,19,0,0,0,0,0
700,512,20,12,37,4,1,4,0,0,0
700,513,20,13,32,23,1,0,0,0,0
700,514,20,14,0,7,1,1,0,0,0
700,515,20,15,32,1,0,0,0,0,0
700,516,20,16,0,20,0,1,0,0,0
700,517,20,17,1,21,1,0,0,0,0
700,518,20,18,1,1,0,0,0,0,1
700,519,20,19,20,0,1,1,0,0,0
700,520,20,20,28,1,0,0,0,0,0
700,521,20,21,40,11,0,0,0,0,0
700,522,20,22,39,5,0,0,0,0,0
700,523,20,23,40,1,0,0,0,0,0
700,524,20,24,29,8,0,0,0,0,0
700,525,21,0,22,0,1,0,0,0,1
700,526,21,1,42,6,2,1,0,0,0
700,527,21,2,12,45,0,0,0,0,0
700,528,21,3,11,10,0,0,0,0,0
700,529,21,4,49,1,0,0,0,0,0
700,530,21,5,22,3,0,1,0,0,0
700,531,21,6,18,29,0,2,0,0,0
700,532,21,7,30,15,0,0,0,0,0
700,533,21,8,50,50,0,0,0,0,0
700,534,21,9,4,23,0,0,0,0,3
700,535,21,10,29,4,0,1,0,0,0
700,536,21,11,41,1,1,0,0,0,0
700,537,21,12,24,5,0,1,0,0,0
700,538,21,13,22,35,1,0,0,0,0
700,539,21,14,18,12,0,1,0,0,0
700,540,21,15,43,16,0,1,0,0,0
700,541,21,16,0,41,0,0,0,0,0
700,542,21,17,9,14,1,0,0,1,1
700,543,21,18,31,39,0,0,0,0,0
700,544,21,19,11,33,0,1,0,0,0
700,545,21,20,31,21,0,0,0,0,0
700,546,21,21,19,36,0,0,0,0,0
700,547,21,22,27,4,0,0,0,0,0
700,548,21,23,23,0,0,0,0,0,0
700,549,21,24,13,7,0,3,0,0,0
700,550,22,0,35,24,0,0,0,0,0
700,551,22,1,42,10,0,0,0,0,0
700,552,22,2,41,38,0,0,0,0,0
700,553,22,3,29,30,1,1,0,0,0
700,554,22,4,1,1,0,2,0,0,0
700,555,22,5,50,19,0,1,0,0,0
700,556,22,6,39,14,0,0,0,0,0
700,557,22,7,27,30,1,0,0,0,0
700,558,22,8,31,24,0,0,0,0,1
700,559,22,9,4,5,0,1,0,0,0
700,560,22,10,0,35,1,0,0,0,0
700,561,22,11,34,7,0,0,0,0,0
700,562,22,12,19,0,2,0,0,0,0
700,563,22,13,1,1,0,0,0,0,0
700,564,22,14,28,24,1,0,0,0,0
700,565,22,15,2,2,0,1,0,0,0
700,566,22,16,46,15,0,1,0,0,0
700,567,22,17,43,48,0,0,0,0,0
700,568,22,18,15,49,0,0,0,0,0
700,569,22,19,20,12,0,0,0,0,0
700,570,22,20,19,13,1,0,0,0,0
700,571,22,21,27,0,0,1,0,0,0
700,572,22,22,48,11,1,0,0,0,0
700,573,22,23,30,31,0,0,0,0,0
700,574,22,24,25,4,1,1,0,0,0
700,575,23,0,16,0,1,0,0,0,3
700,576,23,1,23,0,0,1,0,0,0
700,577,23,2,20,12,0,0,0,0,0
700,578,23,3,38,40,0,0,0,0,0
700,579,23,4,40,18,1,0,0,0,0
700,580,23,5,41,13,0,1,0,0,0
700,581,23,6,24,42,0,0,0,0,0
700,582,23,7,36,25,0,0,0,0,0
700,583,23,8,19,30,0,1,0,0,0
700,584,23,9,14,45,0,0,0,0,0
700,585,23,10,28,1,0,0,0,0,0
700,586,23,11,40,21,3,0,0,0,0
700,587,23,12,14,8,0,0,0,0,0
700,588,23,13,33,41,0,0,0,0,0
700,589,23,14,43,23,0,0,0,0,0
700,590,23,15,24,4,0,0,0,0,0
700,591,23,16,19,37,1,0,0,0,0
700,592,23,17,27,29,0,0,0,0,0
700,593,23,18,25,25,0,0,0,0,0
700,594,23,19,6,28,1,0,0,0,0
700,595,23,20,33,17,0,0,0,0,0
700,596,23,21,12,13,0,0,0,0,0
700,597,23,22,25,18,2,0,0,0,0
700,598,23,23,24,15,1,0,0,0,0
700,599,23,24,25,34,0,0,0,0,0
700,600,24,0,17,0,0,2,0,0,0
700,601,24,1,29,24,0,0,0,0,0
700,602,24,2,32,35,0,0,0,0,0
700,603,24,3,14,28,0,0,0,0,1
700,604,24,4,23,40,0,0,0,0,0
700,605,24,5,40,7,0,3,0,0,0
700,606,24,6,0,3,0,0,0,0,0
700,607,24,7,29,1,0,1,0,0,0
700,608,24,8,21,25,0,0,0,0,0
700,609,24,9,36,26,1,0,0,0,0
700,610,24,10,1,6,0,0,0,0,0
700,611,24,11,36,1,0,2,0,0,0
700,612,24,12,38,20,0,0,0,0,0
700,613,24,13,27,12,0,0,0,0,0
700,614,24,14,27,40,0,1,0,0,0
700,615,24,15,40,48,1,0,0,0,0
700,616,24,16,3,46,0,0,0,0,0
700,617,24,17,1,37,0,0,0,0,0
700,618,24,18,19,22,0,0,0,0,0
700,619,24,19,27,50,0,0,0,0,0
700,620,24,20,17,12,0,2,0,0,3
700,621,24,21,16,37,1,0,0,0,0
700,622,24,22,28,23,1,0,0,0,0
700,623,24,23,19,14,0,1,0,0,2
700,624,24,24,17,17,0,0,0,0,0
800,0,0,0,0,0,0,0,0,0,0
800,1,0,1,0,17,4,0,0,0,0
800,2,0,2,27,0,0,2,0,0,0
800,3,0,3,6,0,1,1,0,0,0
800,4,0,4,5,0,1,0,0,0,1
800,5,0,5,0,10,0,0,0,0,0
800,6,0,6,0,0,1,0,0,0,0
800,7,0,7,0,0,0,7,0,0,0
800,8,0,8,0,2,1,0,0,0,0
800,9,0,9,0,0,0,0,0,0,0
800,10,0,10,0,0,2,0,0,0,1
800,11,0,11,3,0,0,2,0,0,0
800,12,0,12,13,0,0,0,0,0,0
800,13,0,13,0,5,1,0,0,0,0
800,14,0,14,0,14,2,0,0,0,0
800,15,0,15,1,0,0,0,0,0,0
800,16,0,16,0,0,0,0,0,0,0
800,17,0,17,1,1,0,1,0,0,0
800,18,0,18,0,0,1,0,0,0,3
800,19,0,19,6,2,1,1,0,0,0
800,20,0,20,8,0,0,1,0,0,2
800,21,0,21,0,38,1,0,0,0,0
800,22,0,22,21,1,2,0,0,0,0
800,23,0,23,9,38,1,0,0,0,0
800,24,0,24,0,21,2,1,0,0,3
800,25,1,0,0,14,0,3,0,0,0
800,26,1,1,0,4,1,0,0,0,0
800,27,1,2,6,1,1,0,0,0,0
800,28,1,3,0,10,1,1,0,0,0
800,29,1,4,2,6,1,2,0,0,2
800,30,1,5,5,0,1,2,0,0,0
800,31,1,6,0,27,2,3,0,0,0
800,32,1,7,0,36,3,0,0,0,0
800,33,1,8,18,38,0,2,0,0,0
800,34,1,9,0,11,2,1,0,0,0
800,35,1,10,7,12,0,0,0,0,0
800,36,1,11,0,7,0,0,0,0,2
800,37,1,12,34,0,0,1,0,0,0
800,38,1,13,0,0,1,1,0,0,0
800,39,1,14,2,0,0,1,0,0,0
800,40,1,15,5,34,1,0,0,0,0
800,41,1,16,1,4,0,0,0,0,3
800,42,1,17,19,6,1,1,0,0,0
800,43,1,18,24,0,0,0,0,0,0
800,44,1,19,0,20,0,0,1,0,3
800,45,1,20,11,25,0,0,0,0,0
800,46,1,21,0,4,0,0,0,0,0
800,47,1,22,27,23,0,0,0,0,0
800,48,1,23,1,40,0,0,0,0,0
800,49,1,24,0,22,1,0,0,0,0
800,50,2,0,28,9,1,1,0,0,6
800,51,2,1,0,0,0,0,0,0,0
800,52,2,2,4,0,3,0,0,0,0
800,53,2,3,11,0,0,0,0,0,0
800,54,2,4,0,0,0,0,0,0,0
800,55,2,5,6,0,1,1,0,0,0
800,56,2,6,0,33,0,0,0,0,0
800,57,2,7,9,0,1,0,0,0,0
800,58,2,8,0,16,5,0,0,0,0
800,59,2,9,7,26,1,0,0,0,0
800,60,2,10,0,24,0,0,0,1,1
800,61,2,11,0,23,0,0,0,0,1
800,62,2,12,0,0,0,1,0,0,2
800,63,2,13,9,24,3,0,0,0,0
800,64,2,14,0,2,2,0,0,0,0
800,65,2,15,0,34,0,0,0,0,0
800,66,2,16,18,25,0,0,0,0,0
800,67,2,17,30,17,1,3,0,0,0
800,68,2,18,0,0,1,0,0,0,0
800,69,2,19,4,18,1,1,0,1,2
800,70,2,20,0,46,0,0,0,0,0
800,71,2,21,7,45,0,0,0,0,0
800,72,2,22,11,2,4,3,0,0,0
800,73,2,23,3,13,1,0,0,0,0
800,74,2,24,27,2,0,0,0,0,0
800,75,3,0,1,3,0,0,0,0,1
800,76,3,1,0,13,3,0,0,0,0
800,77,3,2,33,1,1,0,0,0,0
800,78,3,3,2,38,0,0,0,0,0
800,79,3,4,24,0,0,0,0,0,0
800,80,3,5,1,49,2,0,0,0,0
800,81,3,6,28,0,0,3,0,0,0
800,82,3,7,7,20,0,0,0,0,0
800,83,3,8,8,0,1,0,0,0,1
800,84,3,9,0,0,0,1,0,0,0
800,85,3,10,3,2,0,0,0,0,4
800,86,3,11,0,28,1,0,0,0,0
800,87,3,12,0,38,5,1,0,0,0
800,88,3,13,33,36,0,0,0,0,0
800,89,3,14,7,33,0,0,0,0,0
800,90,3,15,19,23,0,0,0,0,0
800,91,3,16,0,6,1,2,0,0,0
800,92,3,17,0,9,0,2,0,0,0
800,93,3,18,1,45,3,0,0,0,0
800,94,3,19,0,34,0,0,0,0,0
800,95,3,20,1,32,1,0,0,0,0
800,96,3,21,13,26,0,0,0,0,0
800,97,3,22,25,35,0,0,0,0,0
800,98,3,23,7,13,1,0,0,0,0
800,99,3,24,27,0,0,1,0,0,1
800,100,4,0,0,4,1,1,0,0,0
800,101,4,1,24,2,1,0,0,0,2
800,102,4,2,11,0,0,0,0,0,2
800,103,4,3,33,18,0,1,0,0,0
800,104,4,4,21,3,0,0,0,0,0
800,105,4,5,2,1,1,3,0,0,0
800,106,4,6,0,2,0,1,0,1,6
800,107,4,7,0,18,0,0,0,0,1
800,108,4,8,11,16,0,0,0,0,0
800,109,4,9,19,2,0,0,0,0,2
800,110,4,10,27,0,1,1,0,0,0
800,111,4,11,0,10,3,0,0,0,0
800,112,4,12,0,48,0,0,0,0,0
800,113,4,13,0,11,2,0,0,0,0
800,114,4,14,0,17,1,0,0,0,0
800,115,4,15,7,27,0,1,0,0,0
800,116,4,16,16,4,1,0,0,0,1
800,117,4,17,16,15,0,0,0,0,0
800,118,4,18,8,37,0,0,0,0,0
800,119,4,19,22,20,3,0,0,0,0
800,120,4,20,0,2,1,4,0,0,1
800,121,4,21,27,9,0,1,0,0,0
800,122,4,22,8,27,0,0,0,0,0
800,123,4,23,33,45,0,0,0,0,0
800,124,4,24,16,49,1,0,0,0,1
800,125,5,0,0,0,0,2,0,0,0
800,126,5,1,0,23,1,1,0,0,1
800,127,5,2,1,10,0,0,0,0,0
800,128,5,3,22,7,2,1,0,0,2
800,129,5,4,12,20,0,1,0,0,0
800,130,5,5,32,4,0,3,0,0,0
800,131,5,6,11,2,0,2,0,0,1
800,132,5,7,4,2,2,2,0,0,5
800,133,5,8,9,0,1,0,0,0,0
800,134,5,9,0,28,1,1,0,0,4
800,135,5,10,0,0,0,2,0,0,0
800,136,5,11,0,15,1,2,0,0,0
800,137,5,12,14,23,1,1,0,0,0
800,138,5,13,12,42,0,0,0,0,0
800,139,5,14,0,31,2,3,0,0,0
800,140,5,15,10,18,1,1,0,0,0
800,141,5,16,29,16,1,0,0,0,0
800,142,5,17,4,24,0,1,0,0,0
800,143,5,18,0,7,0,0,0,0,0
800,144,5,19,0,0,0,1,0,0,0
800,145,5,20,0,3,2,0,0,0,0
800,146,5,21,3,20,1,1,0,0,0
800,147,5,22,5,18,0,1,0,0,0
800,148,5,23,0,22,0,1,0,0,0
800,149,5,24,20,16,0,4,0,0,0
800,150,6,0,0,0,1,1,0,0,0
800,151,6,1,0,6,1,0,0,0,0
800,152,6,2,0,0,0,1,0,0,0
800,153,6,3,21,0,1,0,0,0,0
800,154,6,4,22,0,0,1,0,0,0
800,155,6,5,16,0,0,1,0,0,0
800,156,6,6,0,0,0,1,0,0,0
800,157,6,7,26,0,1,2,0,0,0
800,158,6,8,12,30,0,2,0,0,0
800,159,6,9,42,1,0,0,0,0,0
800,160,6,10,26,37,0,0,0,0,0
800,161,6,11,1,22,1,0,0,0,0
800,162,6,12,21,22,0,0,0,0,0
800,163,6,13,40,37,0,4,0,0,0
800,164,6,14,35,10,2,1,0,0,0
800,165,6,15,6,17,0,0,0,0,0
800,166,6,16,7,27,0,4,0,0,1
800,167,6,17,0,8,0,0,0,0,0
800,168,6,18,0,20,0,0,0,0,0
800,169,6,19,17,41,0,0,0,0,0
800,170,6,20,1,24,1,1,0,0,0
800,171,6,21,21,14,1,1,0,0,0
800,172,6,22,3,5,1,0,0,0,1
800,173,6,23,10,32,3,0,0,0,0
800,174,6,24,27,1,0,0,0,0,0
800,175,7,0,5,0,1,0,0,0,0
800,176,7,1,5,4,0,0,0,0,0
800,177,7,2,35,32,0,0,0,0,0
800,178,7,3,0,30,0,0,0,0,0
800,179,7,4,26,17,3,1,0,0,0
800,180,7,5,9,0,1,1,0,0,0
800,181,7,6,8,0,1,1,0,0,1
800,182,7,7,23,0,0,0,0,0,0
800,183,7,8,10,0,0,1,0,0,0
800,184,7,9,37,23,0,0,0,0,0
800,185,7,10,38,30,0,0,0,0,0
800,186,7,11,25,7,0,0,0,0,0
800,187,7,12,21,30,0,0,0,0,1
800,188,7,13,16,15,3,0,0,0,2
800,189,7,14,6,31,1,2,0,0,0
800,190,7,15,2,18,1,0,0,0,0
800,191,7,16,20,9,0,0,0,0,0
800,192,7,17,24,8,1,0,0,0,0
800,193,7,18,0,0,1,1,0,0,0
800,194,7,19,0,17,0,1,0,0,0
800,195,7,20,0,18,1,0,0,0,0
800,196,7,21,23,5,1,0,0,0,1
800,197,7,22,27,27,1,0,0,0,5
800,198,7,23,6,0,0,4,0,0,0
800,199,7,24,18,4,1,0,0,0,0
800,200,8,0,0,0,0,0,0,0,0
800,201,8,1,27,5,0,0,0,0,0
800,202,8,2,32,4,0,2,0,0,0
800,203,8,3,0,1,1,2,0,0,0
800,204,8,4,20,10,0,0,0,0,1
800,205,8,5,8,2,0,1,0,0,0
800,206,8,6,2,12,0,0,0,0,0
800,207,8,7,12,0,1,0,0,0,0
800,208,8,8,1,5,1,0,0,0,0
800,209,8,9,0,0,0,0,0,0,0
800,210,8,10,0,15,5,0,0,0,0
800,211,8,11,34,25,1,0,0,0,0
800,212,8,12,24,23,0,1,0,0,0
800,213,8,13,28,4,0,3,0,0,0
800,214,8,14,30,32,0,1,0,0,0
800,215,8,15,0,18,0,0,0,0,0
800,216,8,16,26,9,0,1,0,0,0
800,217,8,17,0,46,0,0,0,0,0
800,218,8,18,0,1,0,2,0,0,0
800,219,8,19,14,24,0,0,0,0,0
800,220,8,20,0,12,1,2,0,0,0
800,221,8,21,23,16,3,0,0,0,0
800,222,8,22,0,3,5,0,0,0,0
800,223,8,23,11,0,0,0,0,0,0
800,224,8,24,25,17,0,0,0,0,0
800,225,9,0,13,0,0,0,0,0,0
800,226,9,1,2,30,1,1,0,0,0
800,227,9,2,0,38,0,0,0,0,0
800,228,9,3,10,26,1,0,0,0,0
800,229,9,4,43,1,0,0,0,0,0
800,230,9,5,1,18,1,0,0,0,0
800,231,9,6,1,9,1,0,0,0,0
800,232,9,7,0,14,0,1,0,0,0
800,233,9,8,0,29,0,0,0,0,1
800,234,9,9,0,11,2,0,0,0,0
800,235,9,10,24,1,0,1,0,0,0
800,236,9,11,48,0,0,1,0,0,0
800,237,9,12,3,0,0,2,0,0,2
800,238,9,13,19,29,0,0,0,0,0
800,239,9,14,15,18,0,0,0,0,1
800,240,9,15,4,39,1,0,0,0,0
800,241,9,16,35,33,0,0,0,0,1
800,242,9,17,34,35,0,0,0,0,1
800,243,9,18,3,3,1,2,0,0,0
800,244,9,19,13,18,0,0,0,0,0
800,245,9,20,15,1,0,0,0,0,0
800,246,9,21,5,7,1,0,0,0,0
800,247,9,22,33,1,1,0,0,0,0
800,248,9,23,3,37,6,0,0,0,0
800,249,9,24,48,7,0,1,0,0,0
800,250,10,0,0,0,2,2,0,0,0
800,251,10,1,0,24,0,1,0,0,0
800,252,10,2,12,2,0,0,0,0,0
800,253,10,3,26,3,1,1,0,0,0
800,254,10,4,28,6,1,0,0,0,0
800,255,10,5,11,22,2,0,0,0,0
800,256,10,6,2,6,0,1,0,0,0
800,257,10,7,1,2,2,0,0,0,0
800,258,10,8,1,4,1,0,0,0,0
800,259,10,9,35,1,1,0,0,0,0
800,260,10,10,19,6,0,1,0,0,0
800,261,10,11,38,18,0,0,0,0,0
800,262,10,12,22,27,1,0,0,0,0
800,263,10,13,3,11,0,0,0,0,0
800,264,10,14,16,17,0,1,0,0,0
800,265,10,15,0,47,1,0,0,0,1
800,266,10,16,1,9,1,0,0,0,0
800,267,10,17,6,48,1,0,0,0,0
800,268,10,18,5,34,1,1,0,0,0
800,269,10,19,3,28,0,1,0,0,0
800,270,10,20,11,1,1,0,0,0,0
800,271,10,21,31,8,0,1,0,0,0
800,272,10,22,26,3,0,0,0,0,0
800,273,10,23,25,20,1,0,0,0,2
800,274,10,24,20,29,0,0,0,0,0
800,275,11,0,8,2,0,1,0,0,0
800,276,11,1,41,5,0,0,0,0,1
800,277,11,2,0,0,0,1,0,0,1
800,278,11,3,0,2,0,3,0,0,2
800,279,11,4,0,0,0,2,0,0,0
800,280,11,5,0,29,0,0,0,0,1
800,281,11,6,24,31,0,1,0,0,2
800,282,11,7,24,50,0,0,0,0,0
800,283,11,8,0,2,0,0,0,0,0
800,284,11,9,0,38,1,0,0,0,0
800,285,11,10,26,4,0,0,1,0,1
800,286,11,11,23,21,0,1,0,0,0
800,287,11,12,7,1,0,0,0,0,0
800,288,11,13,25,0,2,1,0,0,0
800,289,11,14,7,50,1,0,0,0,1
800,290,11,15,1,0,0,0,0,0,0
800,291,11,16,13,20,0,1,0,0,0
800,292,11,17,27,0,0,1,0,0,1
800,293,11,18,3,0,1,0,0,0,0
800,294,11,19,28,13,0,1,0,0,0
800,295,11,20,6,20,0,0,0,0,0
800,296,11,21,47,16,0,4,0,0,1
800,297,11,22,37,22,0,0,0,0,0
800,298,11,23,50,20,0,0,0,0,4
800,299,11,24,3,4,2,0,0,0,2
800,300,12,0,0,1,2,3,0,0,0
800,301,12,1,15,33,0,2,0,0,1
800,302,12,2,28,1,0,0,0,1,4
800,303,12,3,15,1,0,0,0,0,1
800,304,12,4,38,0,0,1,0,0,0
800,305,12,5,49,7,1,0,0,0,0
800,306,12,6,2,37,0,0,0,0,0
800,307,12,7,0,0,1,0,0,0,0
800,308,12,8,0,18,4,0,0,0,0
800,309,12,9,0,27,1,0,0,0,2
800,310,12,10,1,0,6,1,0,0,0
800,311,12,11,31,12,0,0,0,0,0
800,312,12,12,11,2,1,0,0,0,0
800,313,12,13,44,21,0,0,0,0,0
800,314,12,14,29,41,0,0,0,0,1
800,315,12,15,9,36,0,1,0,0,0
800,316,12,16,32,47,0,0,0,0,0
800,317,12,17,20,2,1,4,0,0,0
800,318,12,18,3,26,1,0,0,0,1
800,319,12,19,14,30,0,0,0,0,0
800,320,12,20,49,18,0,0,0,0,1
800,321,12,21,36,33,1,0,0,0,0
800,322,12,22,46,49,0,0,0,0,0
800,323,12,23,21,6,2,0,0,0,0
800,324,12,24,34,2,0,0,0,0,0
800,325,13,0,0,4,1,0,0,0,0
800,326,13,1,22,0,0,3,0,0,0
800,327,13,2,23,0,0,3,0,0,0
800,328,13,3,25,0,0,1,0,0,0
800,329,13,4,33,3,0,4,0,0,0
800,330,13,5,3,33,1,0,0,0,0
800,331,13,6,13,15,0,0,0,0,0
800,332,13,7,2,20,4,0,0,0,0
800,333,13,8,16,5,0,0,0,0,1
800,334,13,9,5,17,4,1,0,0,0
800,335,13,10,9,32,0,0,0,0,0
800,336,13,11,0,3,1,0,0,0,0
800,337,13,12,12,1,0,0,0,0,0
800,338,13,13,0,5,1,0,0,0,1
800,339,13,14,17,38,1,0,0,0,0
800,340,13,15,43,23,0,0,0,1,1
800,341,13,16,14,43,1,0,0,0,0
800,342,13,17,7,4,0,0,0,0,0
800,343,13,18,0,0,1,1,0,0,1
800,344,13,19,24,18,0,0,0,0,0
800,345,13,20,23,29,0,0,0,0,0
800,346,13,21,38,0,0,0,0,0,0
800,347,13,22,50,26,0,0,0,0,0
800,348,13,23,30,24,0,0,0,0,0
800,349,13,24,20,18,1,0,0,0,0
800,350,14,0,0,0,1,2,0,0,1
800,351,14,1,2,3,4,1,0,0,0
800,352,14,2,19,18,0,0,0,0,0
800,353,14,3,27,9,0,0,0,0,0
800,354,14,4,14,9,1,0,0,0,0
800,355,14,5,16,29,0,0,0,0,0
800,356,14,6,16,25,1,0,0,0,0
800,357,14,7,11,0,1,1,0,0,0
800,358,14,8,18,7,0,6,0,0,0
800,359,14,9,5,0,0,0,0,0,0
800,360,14,10,17,29,1,1,0,0,1
800,361,14,11,3,19,0,0,0,0,2
800,362,14,12,27,16,0,0,0,0,0
800,363,14,13,28,6,0,0,0,0,0
800,364,14,14,13,30,0,0,1,0,1
800,365,14,15,47,4,0,0,0,0,1
800,366,14,16,31,8,0,0,0,0,0
800,367,14,17,0,7,0,0,0,0,2
800,368,14,18,28,1,0,0,0,0,0
800,369,14,19,50,41,0,0,0,0,0
800,370,14,20,16,45,0,0,0,0,0
800,371,14,21,40,42,0,1,0,0,0
800,372,14,22,26,40,1,0,0,0,0
800,373,14,23,40,19,0,0,0,0,0
800,374,14,24,44,50,0,0,0,0,1
800,375,15,0,6,12,0,0,0,0,0
800,376,15,1,21,14,0,0,0,0,2
800,377,15,2,8,2,0,0,0,0,0
800,378,15,3,0,32,0,0,0,0,0
800,379,15,4,8,15,0,0,0,0,0
800,380,15,5,2,29,0,1,0,0,0
800,381,15,6,1,15,2,0,0,0,0
800,382,15,7,1,22,0,0,0,0,0
800,383,15,8,20,0,1,0,0,0,0
800,384,15,9,27,18,0,2,0,0,1
800,385,15,10,21,4,0,3,0,0,0
800,386,15,11,2,16,0,1,0,0,0
800,387,15,12,20,39,1,0,0,0,0
800,388,15,13,35,31,3,3,0,0,0
800,389,15,14,16,46,1,0,0,0,0
800,390,15,15,23,47,3,0,0,0,0
800,391,15,16,50,22,0,0,0,0,0
800,392,15,17,22,37,0,0,0,0,0
800,393,15,18,39,8,0,1,0,0,0
800,394,15,19,33,41,0,0,0,0,0
800,395,15,20,36,34,1,0,0,0,0
800,396,15,21,44,37,0,0,0,0,0
800,397,15,22,24,19,0,1,0,0,0
800,398,15,23,43,31,0,0,0,0,1
800,399,15,24,5,4,0,1,0,0,0
800,400,16,0,23,40,1,0,0,0,0
800,401,16,1,23,3,1,4,0,0,0
800,402,16,2,0,50,0,0,0,0,0
800,403,16,3,37,1,0,1,0,0,3
800,404,16,4,0,0,0,1,0,0,0
800,405,16,5,43,31,0,0,0,0,0
800,406,16,6,47,0,0,1,0,0,0
800,407,16,7,8,35,0,0,0,0,1
800,408,16,8,11,17,0,0,0,0,0
800,409,16,9,34,19,2,1,0,0,0
800,410,16,10,10,18,0,0,0,0,2
800,411,16,11,24,0,0,4,0,0,0
800,412,16,12,40,22,0,1,0,0,0
800,413,16,13,48,38,0,0,0,0,0
800,414,16,14,34,7,1,0,0,0,0
800,415,16,15,46,39,0,0,0,0,0
800,416,16,16,11,29,0,0,0,0,0
800,417,16,17,8,48,0,0,0,0,4
800,418,16,18,40,23,0,0,0,0,1
800,419,16,19,6,28,0,1,0,0,0
800,420,16,20,38,40,0,0,0,0,0
800,421,16,21,36,19,0,0,0,0,1
800,422,16,22,17,40,0,1,0,0,0
800,423,16,23,5,11,0,0,0,0,0
800,424,16,24,32,35,0,0,0,0,0
800,425,17,0,5,8,1,0,0,0,0
800,426,17,1,0,1,1,0,0,0,0
800,427,17,2,5,0,2,0,0,0,0
800,428,17,3,39,0,0,0,0,0,0
800,429,17,4,8,3,0,1,0,0,0
800,430,17,5,15,8,1,1,0,0,0
800,431,17,6,2,4,0,1,0,0,0
800,432,17,7,0,2,0,0,0,0,0
800,433,17,8,0,40,0,0,0,0,0
800,434,17,9,20,25,0,0,0,0,0
800,435,17,10,2,20,0,1,0,0,0
800,436,17,11,27,35,0,0,0,0,0
800,437,17,12,5,35,2,1,0,0,0
800,438,17,13,23,38,0,0,0,0,0
800,439,17,14,9,3,2,0,0,0,0
800,440,17,15,6,1,0,1,0,0,0
800,441,17,16,9,32,1,1,0,0,0
800,442,17,17,12,3,0,3,0,0,0
800,443,17,18,24,9,0,3,0,0,0
800,444,17,19,50,35,0,0,0,0,0
800,445,17,20,30,38,1,0,0,0,0
800,446,17,21,33,44,0,0,0,0,0
800,447,17,22,34,50,0,0,0,0,0
800,448,17,23,18,27,0,1,0,0,0
800,449,17,24,20,28,0,0,0,0,0
800,450,18,0,7,0,0,3,0,0,0
800,451,18,1,32,41,1,0,0,0,0
800,452,18,2,39,0,0,1,0,0,0
800,453,18,3,38,25,0,0,0,0,0
800,454,18,4,8,0,0,0,0,0,0
800,455,18,5,18,31,1,1,0,0,0
800,456,18,6,6,13,3,0,0,0,1
800,457,18,7,45,43,0,0,0,0,0
800,458,18,8,3,0,1,0,0,0,0
800,459,18,9,2,0,0,1,0,0,0
800,460,18,10,11,44,0,0,0,0,2
800,461,18,11,26,27,0,0,0,0,0
800,462,18,12,18,37,1,1,0,0,0
800,463,18,13,6,35,1,1,0,0,0
800,464,18,14,6,10,1,0,0,0,0
800,465,18,15,41,35,0,0,0,0,0
800,466,18,16,33,28,1,0,0,0,0
800,467,18,17,19,39,0,0,0,0,0
800,468,18,18,6,46,1,4,0,0,0
800,469,18,19,18,30,0,2,0,0,0
800,470,18,20,17,26,0,0,0,0,0
800,471,18,21,9,38,0,2,0,0,0
800,472,18,22,10,36,0,0,0,0,0
800,473,18,23,45,40,0,0,0,0,0
800,474,18,24,50,24,0,0,0,0,0
800,475,19,0,6,5,1,3,0,0,0
800,476,19,1,24,21,0,0,0,0,0
800,477,19,2,37,7,3,0,0,0,0
800,478,19,3,3,4,0,0,0,0,0
800,479,19,4,14,0,0,1,0,0,0
800,480,19,5,16,2,0,0,0,0,0
800,481,19,6,3,1,0,0,0,0,0
800,482,19,7,7,29,4,1,0,0,0
800,483,19,8,13,18,0,1,0,0,1
800,484,19,9,2,25,2,0,0,0,1
800,485,19,10,18,38,0,0,0,0,0
800,486,19,11,35,32,0,0,0,0,2
800,487,19,12,15,35,1,0,0,0,0
800,488,19,13,6,1,0,0,0,0,0
800,489,19,14,32,0,1,0,0,0,0
800,490,19,15,23,16,0,2,0,0,1
800,491,19,16,17,36,3,2,0,0,0
800,492,19,17,9,30,0,0,0,0,0
800,493,19,18,23,49,1,0,0,0,0
800,494,19,19,24,41,1,0,0,0,0
800,495,19,20,6,18,3,5,0,0,0
800,496,19,21,20,41,0,0,0,0,0
800,497,19,22,36,37,0,0,0,0,0
800,498,19,23,12,38,0,0,0,0,0
800,499,19,24,36,18,0,0,0,0,0
800,500,20,0,11,35,0,0,0,0,0
800,501,20,1,42,14,0,0,0,0,0
800,502,20,2,31,2,0,1,0,0,0
800,503,20,3,12,4,0,1,0,0,0
800,504,20,4,6,22,0,1,0,0,0
800,505,20,5,31,42,0,0,0,0,0
800,506,20,6,9,4,0,0,0,0,0
800,507,20,7,1,36,1,0,0,0,0
800,508,20,8,19,12,0,0,0,0,0
800,509,20,9,0,35,0,0,0,0,0
800,510,20,10,27,35,0,0,0,0,0
800,511,20,11,25,34,0,0,0,0,0
800,512,20,12,31,18,0,0,0,0,0
800,513,20,13,1,17,3,0,0,0,0
800,514,20,14,27,26,1,0,0,0,0
800,515,20,15,30,12,0,0,0,0,0
800,516,20,16,6,9,0,0,0,0,0
800,517,20,17,14,34,0,1,0,0,0
800,518,20,18,36,36,0,0,0,0,0
800,519,20,19,34,37,0,1,0,0,0
800,520,20,20,37,22,0,1,0,0,0
800,521,20,21,21,39,0,0,0,0,0
800,522,20,22,20,50,0,0,0,0,0
800,523,20,23,26,42,1,0,0,0,0
800,524,20,24,0,35,0,0,0,0,0
800,525,21,0,30,12,1,0,0,0,0
800,526,21,1,8,24,1,0,0,0,0
800,527,21,2,31,20,0,5,0,0,0
800,528,21,3,26,41,0,0,0,0,0
800,529,21,4,31,10,0,2,0,0,0
800,530,21,5,15,13,0,9,0,0,0
800,531,21,6,14,15,0,1,0,0,0
800,532,21,7,1,13,0,0,0,1,2
800,533,21,8,25,22,1,0,0,0,0
800,534,21,9,26,19,0,0,0,0,0
800,535,21,10,38,13,0,0,0,0,1
800,536,21,11,38,35,1,0,0,0,0
800,537,21,12,29,37,1,0,0,0,0
800,538,21,13,21,0,0,0,0,0,0
800,539,21,14,29,2,1,2,0,0,0
800,540,21,15,22,17,0,2,0,0,0
800,541,21,16,16,39,0,0,0,0,0
800,542,21,17,50,27,0,0,0,0,0
800,543,21,18,41,11,0,1,0,0,0
800,544,21,19,3,31,0,1,0,0,0
800,545,21,20,23,20,1,2,0,0,0
800,546,21,21,35,25,0,1,0,0,0
800,547,21,22,23,50,0,0,0,0,0
800,548,21,23,21,8,0,0,0,0,0
800,549,21,24,10,17,1,0,0,0,0
800,550,22,0,43,13,0,1,0,0,1
800,551,22,1,8,21,0,1,0,0,0
800,552,22,2,8,6,0,0,0,0,0
800,553,22,3,10,0,1,0,0,0,0
800,554,22,4,42,15,0,1,0,0,1
800,555,22,5,9,20,1,0,0,0,0
800,556,22,6,38,19,0,0,0,0,0
800,557,22,7,7,9,0,0,0,0,2
800,558,22,8,8,5,1,0,0,0,0
800,559,22,9,26,4,0,0,0,0,0
800,560,22,10,16,11,0,0,0,0,0
800,561,22,11,46,42,0,0,0,0,0
800,562,22,12,21,31,0,1,0,0,0
800,563,22,13,40,14,2,0,0,0,0
800,564,22,14,36,20,0,0,0,0,0
800,565,22,15,28,32,0,1,0,0,0
800,566,22,16,43,41,0,0,0,0,0
800,567,22,17,50,35,0,0,0,0,0
800,568,22,18,49,20,0,0,0,0,0
800,569,22,19,40,40,2,0,0,0,0
800,570,22,20,26,46,0,1,0,0,0
800,571,22,21,35,26,0,0,0,0,0
800,572,22,22,2,36,0,7,0,0,0
800,573,22,23,36,33,0,0,0,0,0
800,574,22,24,14,13,1,0,0,0,0
800,575,23,0,2,30,0,0,0,0,0
800,576,23,1,3,2,0,0,0,0,0
800,577,23,2,10,28,2,0,0,0,0
800,578,23,3,11,35,0,0,0,0,0
800,579,23,4,12,36,2,1,0,0,0
800,580,23,5,28,11,0,2,0,0,0
800,581,23,6,11,9,1,0,0,0,0
800,582,23,7,0,29,0,0,0,0,0
800,583,23,8,0,27,0,0,0,0,0
800,584,23,9,21,37,0,0,0,0,0
800,585,23,10,1,26,0,0,0,0,3
800,586,23,11,15,37,0,0,0,0,0
800,587,23,12,43,30,3,0,0,0,0
800,588,23,13,30,18,0,0,0,0,0
800,589,23,14,24,50,0,0,0,0,0
800,590,23,15,3,35,0,1,0,0,0
800,591,23,16,23,33,0,0,0,0,0
800,592,23,17,50,44,0,0,0,0,0
800,593,23,18,18,45,0,0,0,0,0
800,594,23,19,3,34,0,0,0,0,0
800,595,23,20,24,49,0,0,0,0,0
800,596,23,21,11,48,2,0,0,0,0
800,597,23,22,1,38,0,0,0,0,0
800,598,23,23,44,34,0,0,0,0,0
800,599,23,24,32,47,0,0,0,0,0
800,600,24,0,1,39,0,2,0,0,1
800,601,24,1,0,13,3,0,0,0,1
800,602,24,2,7,6,0,0,0,1,1
800,603,24,3,21,42,1,0,0,0,2
800,604,24,4,2,21,2,1,0,0,0
800,605,24,5,14,15,0,0,0,0,1
800,606,24,6,1,23,1,4,0,0,0
800,607,24,7,5,31,0,0,0,0,0
800,608,24,8,30,0,0,1,0,0,0
800,609,24,9,0,39,4,1,0,0,0
800,610,24,10,0,34,0,0,0,0,0
800,611,24,11,6,29,0,4,0,0,0
800,612,24,12,39,0,0,0,0,0,0
800,613,24,13,25,5,0,0,0,0,0
800,614,24,14,34,36,0,0,0,0,0
800,615,24,15,40,3,3,1,0,0,0
800,616,24,16,38,24,0,0,0,0,1
800,617,24,17,25,27,0,0,0,0,0
800,618,24,18,29,20,0,0,0,0,1
800,619,24,19,18,30,0,0,0,0,0
800,620,24,20,10,7,0,0,0,0,2
800,621,24,21,2,46,0,0,0,0,0
800,622,24,22,18,35,0,0,0,0,0
800,623,24,23,18,37,0,0,0,0,0
800,624,24,24,34,32,0,0,0,0,0
900,0,0,0,0,8,0,0,0,0,5
900,1,0,1,6,17,0,0,0,0,0
900,2,0,2,0,0,4,1,0,0,0
900,3,0,3,0,3,1,0,0,0,0
900,4,0,4,0,0,0,3,0,0,0
900,5,0,5,6,0,0,0,0,0,0
900,6,0,6,3,1,0,0,0,0,0
900,7,0,7,5,14,0,2,0,0,3
900,8,0,8,1,13,2,1,0,0,0
900,9,0,9,2,0,0,3,0,0,0
900,10,0,10,5,20,0,0,0,0,0
900,11,0,11,1,0,2,0,0,0,0
900,12,0,12,14,0,0,2,0,0,0
900,13,0,13,1,2,1,2,0,0,2
900,14,0,14,37,0,1,2,0,0,0
900,15,0,15,22,5,0,1,0,1,3
900,16,0,16,14,14,2,0,0,0,1
900,17,0,17,5,0,1,1,0,0,3
900,18,0,18,5,2,0,1,0,0,0
900,19,0,19,2,50,0,0,0,0,0
900,20,0,20,1,20,2,0,0,0,0
900,21,0,21,11,38,0,0,0,0,3
900,22,0,22,1,38,1,0,0,0,0
900,23,0,23,18,4,1,0,0,0,0
900,24,0,24,0,30,0,0,0,0,1
900,25,1,0,0,9,0,0,0,0,0
900,26,1,1,22,8,1,1,0,0,0
900,27,1,2,0,9,3,0,0,0,0
900,28,1,3,16,0,2,1,0,0,0
900,29,1,4,8,30,0,0,0,0,2
900,30,1,5,1,28,0,0,0,0,0
900,31,1,6,1,0,2,0,0,0,0
900,32,1,7,0,9,0,0,0,0,0
900,33,1,8,0,0,1,0,0,0,0
900,34,1,9,15,16,1,0,0,0,0
900,35,1,10,35,1,0,2,0,0,1
900,36,1,11,11,13,1,0,0,0,0
900,37,1,12,0,5,1,0,0,0,0
900,38,1,13,39,21,0,0,0,0,0
900,39,1,14,1,26,0,0,0,0,0
900,40,1,15,24,6,0,1,0,0,0
900,41,1,16,28,46,0,0,0,0,2
900,42,1,17,7,13,1,0,0,0,0
900,43,1,18,48,13,0,1,0,0,0
900,44,1,19,0,16,5,3,0,0,0
900,45,1,20,10,5,2,2,0,0,0
900,46,1,21,4,26,0,1,0,0,1
900,47,1,22,13,38,0,0,0,0,0
900,48,1,23,24,38,0,0,0,0,0
900,49,1,24,18,19,4,0,0,0,0
900,50,2,0,0,23,2,1,0,0,0
900,51,2,1,5,4,0,1,0,0,0
900,52,2,2,0,0,0,1,0,0,0
900,53,2,3,0,0,0,0,0,0,0
900,54,2,4,0,4,4,0,0,0,0
900,55,2,5,0,31,1,0,0,0,0
900,56,2,6,21,14,0,0,0,0,0
900,57,2,7,0,2,1,0,0,0,0
900,58,2,8,4,29,1,1,0,0,0
900,59,2,9,1,9,0,0,0,0,0
900,60,2,10,0,3,1,0,0,0,0
900,61,2,11,24,42,0,0,0,0,0
900,62,2,12,32,4,0,3,0,0,5
900,63,2,13,11,10,2,0,0,0,0
900,64,2,14,27,10,4,0,0,0,0
900,65,2,15,15,27,1,0,0,0,0
900,66,2,16,4,35,0,2,0,0,0
900,67,2,17,0,21,0,1,0,0,0
900,68,2,18,20,29,0,0,0,0,1
900,69,2,19,28,1,0,3,0,0,0
900,70,2,20,1,27,0,0,0,0,0
900,71,2,21,36,31,1,0,0,0,0
900,72,2,22,0,38,1,0,0,0,1
900,73,2,23,30,50,0,0,0,0,0
900,74,2,24,4,26,0,1,0,0,2
900,75,3,0,5,11,0,0,0,0,0
900,76,3,1,15,10,0,0,0,0,4
900,77,3,2,18,2,0,2,0,0,0
900,78,3,3,0,2,2,0,0,0,1
900,79,3,4,1,0,0,4,0,0,0
900,80,3,5,7,21,0,0,0,0,1
900,81,3,6,1,23,0,0,0,0,0
900,82,3,7,7,23,0,1,0,0,0
900,83,3,8,20,12,1,0,0,0,0
900,84,3,9,6,0,0,0,0,0,1
900,85,3,10,24,10,3,0,0,0,0
900,86,3,11,0,20,5,0,0,0,0
900,87,3,12,2,0,0,1,0,0,1
900,88,3,13,19,8,3,0,0,0,0
900,89,3,14,33,8,0,0,0,0,4
900,90,3,15,12,34,0,0,0,0,1
900,91,3,16,23,22,1,1,0,0,0
900,92,3,17,9,6,0,0,0,0,0
900,93,3,18,3,33,3,0,0,0,0
900,94,3,19,9,0,0,0,0,0,0
900,95,3,20,3,0,0,0,0,0,0
900,96,3,21,24,21,1,1,0,0,0
900,97,3,22,2,10,1,0,0,0,0
900,98,3,23,30,22,0,0,0,0,0
900,99,3,24,4,27,0,2,0,0,1
900,100,4,0,0,18,2,1,0,0,0
900,101,4,1,0,3,3,2,0,0,0
900,102,4,2,27,20,0,0,0,0,0
900,103,4,3,1,8,1,0,0,0,0
900,104,4,4,5,5,0,0,0,0,1
900,105,4,5,2,34,1,0,0,0,0
900,106,4,6,3,2,1,0,0,0,0
900,107,4,7,46,14,0,1,0,0,0
900,108,4,8,4,0,0,0,0,0,0
900,109,4,9,20,31,3,1,0,0,0
900,110,4,10,1,6,0,1,1,0,4
900,111,4,11,16,4,0,1,0,0,0
900,112,4,12,17,0,3,1,0,0,1
900,113,4,13,3,0,0,1,0,0,0
900,114,4,14,38,32,0,0,0,0,1
900,115,4,15,6,21,0,2,0,0,0
900,116,4,16,23,0,1,0,0,0,0
900,117,4,17,21,11,1,0,0,0,0
900,118,4,18,17,10,0,1,0,0,1
900,119,4,19,0,23,1,2,0,0,0
900,120,4,20,28,22,1,0,0,0,0
900,121,4,21,6,26,0,1,0,0,0
900,122,4,22,1,23,0,0,0,0,0
900,123,4,23,1,12,3,2,0,0,1
900,124,4,24,28,50,10,0,0,0,0
900,125,5,0,0,2,0,1,0,0,0
900,126,5,1,44,0,0,0,0,0,0
900,127,5,2,10,9,0,1,0,0,0
900,128,5,3,1,1,0,0,0,0,0
900,129,5,4,11,35,0,2,0,0,0
900,130,5,5,42,1,0,2,0,0,0
900,131,5,6,6,10,1,0,0,0,0
900,132,5,7,22,23,0,0,0,0,0
900,133,5,8,3,2,0,1,0,0,0
900,134,5,9,0,0,1,0,0,0,0
900,135,5,10,10,2,0,2,0,0,0
900,136,5,11,20,0,1,0,0,0,1
900,137,5,12,28,43,0,0,0,0,0
900,138,5,13,40,18,0,0,0,0,0
900,139,5,14,9,30,0,0,0,0,0
900,140,5,15,2,19,0,0,0,0,0
900,141,5,16,13,28,1,0,0,0,0
900,142,5,17,15,0,0,2,0,0,0
900,143,5,18,33,9,0,0,0,0,0
900,144,5,19,0,35,0,0,0,0,0
900,145,5,20,0,0,1,4,0,0,0
900,146,5,21,3,3,1,0,0,0,0
900,147,5,22,21,37,1,0,0,0,0
900,148,5,23,1,44,1,0,0,0,0
900,149,5,24,32,35,0,0,0,0,0
900,150,6,0,1,8,1,0,0,0,0
900,151,6,1,3,0,0,2,0,0,2
900,152,6,2,12,7,0,0,0,0,0
900,153,6,3,0,18,1,0,0,0,0
900,154,6,4,0,26,0,0,0,0,0
900,155,6,5,2,0,0,0,0,0,0
900,156,6,6,5,11,0,0,0,0,0
900,157,6,7,22,22,1,0,0,0,0
900,158,6,8,2,19,2,0,0,0,0
900,159,6,9,18,37,2,0,0,0,0
900,160,6,10,14,31,0,0,0,0,0
900,161,6,11,0,25,0,0,0,0,0
900,162,6,12,4,26,0,0,0,0,0
900,163,6,13,15,0,0,1,0,0,1
900,164,6,14,0,13,0,0,0,0,0
900,165,6,15,11,19,0,2,0,0,0
900,166,6,16,23,36,0,0,0,0,0
900,167,6,17,29,32,0,0,0,0,0
900,168,6,18,1,1,5,3,0,0,0
900,169,6,19,37,23,0,1,0,0,0
900,170,6,20,25,2,0,1,0,0,0
900,171,6,21,14,0,1,0,0,0,0
900,172,6,22,19,44,0,0,0,0,0
900,173,6,23,13,30,0,1,0,0,0
900,174,6,24,4,15,0,0,0,0,0
900,175,7,0,14,28,0,1,0,0,0
900,176,7,1,36,10,0,1,0,0,0
900,177,7,2,0,29,1,1,0,0,0
900,178,7,3,13,28,0,0,0,0,0
900,179,7,4,19,24,2,1,0,0,0
900,180,7,5,1,37,0,0,0,0,0
900,181,7,6,16,13,0,3,0,0,0
900,182,7,7,2,16,0,0,0,0,1
900,183,7,8,0,35,0,0,0,0,1
900,184,7,9,3,0,0,2,0,0,0
900,185,7,10,11,0,1,0,0,0,0
900,186,7,11,21,0,0,3,0,0,0
900,187,7,12,23,0,1,1,0,0,1
900,188,7,13,2,0,2,1,0,0,0
900,189,7,14,18,1,0,0,0,0,0
900,190,7,15,3,28,0,1,0,0,1
900,191,7,16,2,41,2,0,0,0,0
900,192,7,17,32,7,0,0,0,0,0
900,193,7,18,20,0,0,0,0,0,0
900,194,7,19,0,11,1,3,0,0,3
900,195,7,20,0,33,0,0,0,0,0
900,196,7,21,6,5,1,0,0,0,0
900,197,7,22,28,49,1,0,0,0,0
900,198,7,23,3,28,1,0,0,0,0
900,199,7,24,16,42,1,0,0,0,1
900,200,8,0,4,0,2,0,0,0,0
900,201,8,1,0,21,2,0,0,0,0
900,202,8,2,0,22,0,0,0,0,1
900,203,8,3,9,22,0,0,0,0,0
900,204,8,4,1,0,0,2,0,0,1
900,205,8,5,15,23,1,0,0,0,0
900,206,8,6,0,4,1,1,0,0,0
900,207,8,7,0,11,0,0,0,0,0
900,208,8,8,6,3,1,0,0,0,1
900,209,8,9,16,12,0,0,0,0,0
900,210,8,10,33,16,0,0,0,0,4
900,211,8,11,4,14,2,0,0,0,0
900,212,8,12,0,2,0,2,0,0,0
900,213,8,13,6,9,1,0,0,0,0
900,214,8,14,49,19,0,1,0,0,1
900,215,8,15,29,44,0,0,0,0,0
900,216,8,16,30,12,0,0,0,0,0
900,217,8,17,10,19,0,0,0,0,0
900,218,8,18,0,26,0,0,0,0,0
900,219,8,19,5,0,0,2,0,0,0
900,220,8,20,11,19,0,0,0,0,0
900,221,8,21,16,32,1,3,0,0,0
900,222,8,22,40,43,0,0,0,0,0
900,223,8,23,7,29,0,1,0,0,0
900,224,8,24,6,34,0,0,0,0,0
900,225,9,0,0,3,0,0,0,0,0
900,226,9,1,0,27,0,0,0,0,0
900,227,9,2,0,21,1,0,0,0,0
900,228,9,3,21,9,3,0,0,0,0
900,229,9,4,1,17,0,2,0,0,0
900,230,9,5,1,3,4,0,0,0,0
900,231,9,6,22,14,1,0,0,0,0
900,232,9,7,1,18,0,0,0,0,0
900,233,9,8,25,0,0,0,0,0,0
900,234,9,9,0,23,2,2,0,0,0
900,235,9,10,29,10,0,0,0,0,1
900,236,9,11,48,25,0,0,0,0,0
900,237,9,12,1,23,0,0,0,0,0
900,238,9,13,7,50,2,0,0,0,0
900,239,9,14,17,35,1,0,0,0,0
900,240,9,15,16,11,0,2,0,0,0
900,241,9,16,10,10,4,1,0,0,0
900,242,9,17,0,22,3,0,0,0,0
900,243,9,18,26,9,2,0,0,0,0
900,244,9,19,0,33,0,0,0,0,0
900,245,9,20,2,39,0,0,0,0,0
900,246,9,21,0,15,1,2,0,0,0
900,247,9,22,21,22,0,0,0,0,0
900,248,9,23,37,3,0,0,0,0,0
900,249,9,24,30,27,5,0,0,0,0
900,250,10,0,21,0,1,1,0,0,0
900,251,10,1,27,2,0,0,0,0,0
900,252,10,2,21,1,0,0,0,0,0
900,253,10,3,10,24,0,0,0,0,0
900,254,10,4,10,14,1,2,0,0,2
900,255,10,5,1,30,0,1,0,0,2
900,256,10,6,0,12,0,1,0,0,0
900,257,10,7,5,18,2,0,0,0,0
900,258,10,8,22,0,1,4,0,0,4
900,259,10,9,24,0,0,1,0,0,0
900,260,10,10,6,4,4,1,0,0,0
900,261,10,11,4,18,0,0,0,0,4
900,262,10,12,0,20,0,0,0,0,0
900,263,10,13,22,40,1,0,0,0,0
900,264,10,14,26,0,0,0,0,0,0
900,265,10,15,0,1,0,0,0,0,4
900,266,10,16,2,14,6,0,0,0,0
900,267,10,17,0,33,0,0,0,0,0
900,268,10,18,2,36,0,0,0,0,0
900,269,10,19,19,0,0,1,0,0,0
900,270,10,20,2,33,5,1,0,0,0
900,271,10,21,24,30,0,0,0,0,0
900,272,10,22,34,32,0,2,0,0,0
900,273,10,23,16,26,0,0,0,0,0
900,274,10,24,1,22,0,0,0,0,0
900,275,11,0,0,0,1,1,0,1,4
900,276,11,1,43,0,0,1,0,0,0
900,277,11,2,41,2,0,1,0,0,1
900,278,11,3,1,3,2,1,0,0,0
900,279,11,4,12,21,0,1,0,0,0
900,280,11,5,2,37,0,0,0,0,0
900,281,11,6,0,4,0,1,0,0,2
900,282,11,7,28,17,0,0,0,0,0
900,283,11,8,29,17,1,2,0,0,0
900,284,11,9,16,20,3,0,0,0,0
900,285,11,10,35,6,0,1,0,0,0
900,286,11,11,15,3,0,1,0,0,0
900,287,11,12,11,34,0,0,0,0,0
900,288,11,13,0,12,1,0,0,0,2
900,289,11,14,35,45,0,0,0,0,0
900,290,11,15,30,14,0,1,0,0,0
900,291,11,16,31,31,0,0,0,0,0
900,292,11,17,12,31,0,0,0,0,0
900,293,11,18,0,0,0,1,0,0,0
900,294,11,19,8,10,0,0,0,0,0
900,295,11,20,26,30,0,2,0,0,0
900,296,11,21,1,29,0,0,0,0,0
900,297,11,22,18,35,0,0,0,0,0
900,298,11,23,25,27,0,0,0,0,0
900,299,11,24,19,1,0,0,0,0,0
900,300,12,0,0,0,0,1,0,0,0
900,301,12,1,28,7,0,2,0,0,0
900,302,12,2,0,0,2,2,0,0,0
900,303,12,3,1,29,1,0,0,0,0
900,304,12,4,0,29,1,1,0,0,0
900,305,12,5,0,34,0,0,0,0,0
900,306,12,6,35,46,2,0,0,0,0
900,307,12,7,32,5,0,0,0,0,0
900,308,12,8,37,29,0,0,0,0,0
900,309,12,9,0,0,3,1,0,0,0
900,310,12,10,14,20,0,0,0,0,0
900,311,12,11,27,0,0,0,0,0,0
900,312,12,12,2,4,1,0,0,0,0
900,313,12,13,0,32,0,0,0,0,0
900,314,12,14,17,7,2,5,0,0,0
900,315,12,15,0,33,0,0,0,0,0
900,316,12,16,30,1,1,0,0,0,0
900,317,12,17,16,14,0,0,0,0,0
900,318,12,18,45,16,0,0,0,0,0
900,319,12,19,37,45,0,0,0,0,0
900,320,12,20,28,14,0,0,0,0,0
900,321,12,21,22,13,0,0,0,0,1
900,322,12,22,41,40,0,0,0,0,0
900,323,12,23,44,31,0,0,0,0,0
900,324,12,24,14,29,0,0,0,0,0
900,325,13,0,0,11,1,1,0,0,2
900,326,13,1,30,0,0,1,0,0,0
900,327,13,2,29,5,0,1,0,0,0
900,328,13,3,2,14,0,0,0,0,1
900,329,13,4,18,30,0,1,0,0,0
900,330,13,5,36,27,0,0,0,0,0
900,331,13,6,7,2,0,2,0,1,3
900,332,13,7,45,7,0,0,0,0,0
900,333,13,8,25,41,0,0,0,0,0
900,334,13,9,3,3,4,0,0,0,0
900,335,13,10,0,14,1,5,0,0,0
900,336,13,11,10,42,0,0,0,0,0
900,337,13,12,1,50,0,0,0,0,1
900,338,13,13,22,17,0,0,0,0,0
900,339,13,14,3,4,0,1,0,0,0
900,340,13,15,13,36,2,0,0,0,0
900,341,13,16,50,39,0,0,0,0,0
900,342,13,17,26,9,0,1,0,0,0
900,343,13,18,20,28,0,0,0,0,0
900,344,13,19,34,0,0,0,0,0,1
900,345,13,20,0,0,1,1,0,0,0
900,346,13,21,9,46,0,0,0,0,0
900,347,13,22,20,34,1,0,0,0,0
900,348,13,23,15,25,0,1,0,0,0
900,349,13,24,40,16,0,0,0,0,0
900,350,14,0,0,0,0,0,0,0,0
900,351,14,1,19,0,0,1,0,0,0
900,352,14,2,5,35,1,0,0,0,0
900,353,14,3,0,0,0,0,1,0,2
900,354,14,4,25,0,0,1,0,0,0
900,355,14,5,7,13,1,0,0,0,0
900,356,14,6,0,28,4,0,0,0,3
900,357,14,7,2,9,0,0,0,0,0
900,358,14,8,4,6,1,0,0,0,0
900,359,14,9,37,25,0,0,0,0,0
900,360,14,10,0,50,0,0,0,0,0
900,361,14,11,35,20,0,4,0,0,4
900,362,14,12,25,0,0,3,0,0,0
900,363,14,13,7,3,0,0,0,0,0
900,364,14,14,21,20,1,0,0,0,0
900,365,14,15,15,28,0,1,0,0,0
900,366,14,16,33,36,1,0,0,0,0
900,367,14,17,27,11,0,0,0,0,0
900,368,14,18,8,10,0,0,0,0,0
900,369,14,19,21,5,0,0,0,0,0
900,370,14,20,10,33,2,0,0,0,0
900,371,14,21,30,30,0,2,0,0,0
900,372,14,22,39,18,1,0,0,0,0
900,373,14,23,6,1,0,0,0,0,1
900,374,14,24,28,19,0,0,0,0,0
900,375,15,0,0,1,1,1,0,0,3
900,376,15,1,49,13,0,3,0,0,0
900,377,15,2,15,15,1,0,0,0,0
900,378,15,3,7,40,0,0,0,0,2
900,379,15,4,0,21,0,0,0,0,0
900,380,15,5,6,4,1,3,0,0,0
900,381,15,6,4,31,2,0,0,0,0
900,382,15,7,2,0,0,2,0,0,0
900,383,15,8,0,28,1,0,0,0,0
900,384,15,9,38,0,0,0,0,0,0
900,385,15,10,20,19,0,0,0,0,1
900,386,15,11,0,13,1,1,0,0,0
900,387,15,12,3,1,0,0,0,0,0
900,388,15,13,13,17,0,1,0,0,1
900,389,15,14,6,25,0,0,0,0,1
900,390,15,15,34,31,0,1,0,0,0
900,391,15,16,4,6,1,1,0,0,0
900,392,15,17,0,18,2,0,0,0,0
900,393,15,18,19,40,1,0,0,0,0
900,394,15,19,29,0,0,0,0,0,0
900,395,15,20,27,30,4,0,0,0,2
900,396,15,21,26,50,0,0,0,0,0
900,397,15,22,41,41,0,0,0,0,0
900,398,15,23,20,27,0,1,0,0,0
900,399,15,24,28,26,0,3,0,0,0
900,400,16,0,0,0,5,1,0,0,0
900,401,16,1,40,4,0,1,0,0,0
900,402,16,2,0,32,0,0,0,0,0
900,403,16,3,10,1,0,4,0,0,0
900,404,16,4,1,5,0,0,0,0,0
900,405,16,5,4,0,0,1,0,0,0
900,406,16,6,6,15,2,0,0,0,1
900,407,16,7,0,50,1,0,0,0,0
900,408,16,8,6,26,3,0,0,0,0
900,409,16,9,5,41,1,0,0,0,0
900,410,16,10,20,18,1,0,0,0,0
900,411,16,11,12,7,0,1,0,0,0
900,412,16,12,24,24,0,0,0,0,0
900,413,16,13,24,14,0,0,0,0,0
900,414,16,14,11,24,3,2,0,0,0
900,415,16,15,29,1,0,1,0,0,2
900,416,16,16,38,12,0,1,0,0,0
900,417,16,17,20,40,1,0,0,0,0
900,418,16,18,32,1,0,1,0,0,0
900,419,16,19,0,29,0,0,0,0,0
900,420,16,20,1,18,0,0,0,0,0
900,421,16,21,10,3,0,0,0,0,6
900,422,16,22,29,23,0,0,0,0,0
900,423,16,23,1,33,0,0,0,0,0
900,424,16,24,50,42,0,0,0,0,0
900,425,17,0,0,0,2,5,0,0,0
900,426,17,1,0,21,0,0,1,0,1
900,427,17,2,8,15,0,1,0,0,0
900,428,17,3,0,2,0,1,0,0,1
900,429,17,4,1,19,2,1,0,0,0
900,430,17,5,20,1,0,0,0,0,1
900,431,17,6,14,26,0,0,0,0,0
900,432,17,7,18,2,0,0,0,0,0
900,433,17,8,17,1,0,3,0,0,0
900,434,17,9,0,19,0,0,0,0,1
900,435,17,10,0,10,0,1,0,0,0
900,436,17,11,2,15,0,0,0,0,0
900,437,17,12,12,23,0,0,0,0,0
900,438,17,13,3,1,0,0,0,0,0
900,439,17,14,0,25,0,0,1,0,2
900,440,17,15,39,31,0,0,0,0,0
900,441,17,16,10,3,1,1,0,0,2
900,442,17,17,14,36,1,0,0,0,1
900,443,17,18,17,35,0,0,0,0,0
900,444,17,19,47,7,0,1,0,0,0
900,445,17,20,29,35,1,0,0,0,0
900,446,17,21,26,6,0,0,0,0,0
900,447,17,22,5,24,0,0,0,0,0
900,448,17,23,29,43,1,1,0,0,0
900,449,17,24,13,19,2,1,0,0,0
900,450,18,0,0,14,2,0,0,0,0
900,451,18,1,3,0,2,1,0,0,0
900,452,18,2,1,1,0,2,0,0,0
900,453,18,3,5,28,0,2,0,0,0
900,454,18,4,28,6,4,0,0,0,0
900,455,18,5,39,5,0,0,0,1,1
900,456,18,6,20,17,0,0,0,0,3
900,457,18,7,21,8,0,0,0,0,0
900,458,18,8,33,26,0,1,0,0,0
900,459,18,9,7,0,2,0,0,0,0
900,460,18,10,2,40,0,0,0,0,0
900,461,18,11,42,23,0,0,0,0,1
900,462,18,12,26,35,4,0,0,0,0
900,463,18,13,0,9,0,1,0,0,0
900,464,18,14,34,14,0,1,0,0,0
900,465,18,15,35,2,0,1,0,0,0
900,466,18,16,18,33,0,0,0,0,1
900,467,18,17,22,28,0,0,0,0,0
900,468,18,18,30,1,2,0,0,0,0
900,469,18,19,33,20,0,0,0,0,0
900,470,18,20,29,36,0,0,0,0,0
900,471,18,21,29,10,0,0,0,0,0
900,472,18,22,37,17,0,1,0,0,0
900,473,18,23,37,34,0,1,0,0,0
900,474,18,24,40,33,0,1,0,0,0
900,475,19,0,6,0,1,0,0,0,0
900,476,19,1,2,27,3,0,0,0,0
900,477,19,2,29,9,0,0,0,0,2
900,478,19,3,1,2,0,0,0,0,0
900,479,19,4,6,12,0,1,0,0,0
900,480,19,5,0,6,1,3,0,0,1
900,481,19,6,5,5,1,0,0,0,0
900,482,19,7,0,11,2,0,0,0,0
900,483,19,8,8,6,0,0,0,0,1
900,484,19,9,30,7,0,0,0,0,0
900,485,19,10,26,19,0,0,0,0,0
900,486,19,11,46,4,1,0,0,0,0
900,487,19,12,10,5,0,0,0,0,0
900,488,19,13,23,23,0,0,0,0,3
900,489,19,14,0,27,2,0,0,0,0
900,490,19,15,15,17,0,1,0,0,0
900,491,19,16,31,3,0,1,0,0,0
900,492,19,17,25,8,3,5,0,0,0
900,493,19,18,36,23,0,0,0,0,0
900,494,19,19,4,44,0,0,0,0,1
900,495,19,20,33,31,0,4,0,0,0
900,496,19,21,6,21,2,2,0,0,0
900,497,19,22,0,28,0,0,0,0,1
900,498,19,23,27,36,1,0,0,0,0
900,499,19,24,36,33,0,0,0,0,0
900,500,20,0,3,4,0,1,0,0,0
900,501,20,1,46,32,0,1,0,0,0
900,502,20,2,42,13,0,2,0,0,0
900,503,20,3,26,21,0,0,0,0,0
900,504,20,4,1,0,0,0,0,0,0
900,505,20,5,27,19,0,0,0,0,0
900,506,20,6,27,28,0,0,0,0,0
900,507,20,7,18,13,1,0,0,0,0
900,508,20,8,9,44,1,1,0,0,0
900,509,20,9,31,0,0,1,0,0,0
900,510,20,10,0,27,1,3,0,0,0
900,511,20,11,1,28,1,0,0,0,0
900,512,20,12,4,14,0,0,0,0,2
900,513,20,13,0,42,1,0,0,0,0
900,514,20,14,17,18,0,0,0,0,0
900,515,20,15,14,38,0,0,0,0,0
900,516,20,16,18,35,3,0,0,0,0
900,517,20,17,23,32,0,0,0,0,0
900,518,20,18,14,45,1,0,0,0,0
900,519,20,19,22,46,0,0,0,0,0
900,520,20,20,19,27,0,0,0,0,0
900,521,20,21,24,25,0,0,0,0,0
900,522,20,22,18,21,0,0,0,0,1
900,523,20,23,34,26,0,0,0,0,0
900,524,20,24,20,40,1,0,0,0,0
900,525,21,0,15,3,0,0,0,0,0
900,526,21,1,24,30,0,0,0,0,0
900,527,21,2,26,38,0,0,0,0,0
900,528,21,3,18,12,0,3,0,0,0
900,529,21,4,0,0,3,0,0,0,0
900,530,21,5,34,0,0,0,0,0,0
900,531,21,6,0,1,0,1,0,0,0
900,532,21,7,25,32,0,0,0,0,0
900,533,21,8,1,19,3,1,0,0,0
900,534,21,9,48,8,0,3,0,0,1
900,535,21,10,26,0,1,0,0,0,0
900,536,21,11,0,0,1,0,0,0,0
900,537,21,12,0,4,1,0,0,0,0
900,538,21,13,0,20,1,0,0,0,0
900,539,21,14,33,12,0,2,0,0,0
900,540,21,15,33,33,0,0,0,0,0
900,541,21,16,43,19,0,0,0,0,0
900,542,21,17,43,8,2,1,0,0,0
900,543,21,18,41,14,1,2,0,0,0
900,544,21,19,36,4,1,0,0,0,0
900,545,21,20,27,43,0,0,0,0,0
900,546,21,21,26,8,4,1,0,0,0
900,547,21,22,0,45,1,0,0,0,0
900,548,21,23,6,50,0,0,0,0,0
900,549,21,24,30,46,0,0,0,0,0
900,550,22,0,5,0,3,0,0,0,0
900,551,22,1,32,2,0,0,0,0,0
900,552,22,2,35,39,0,1,0,0,0
900,553,22,3,6,20,0,1,0,0,0
900,554,22,4,27,18,0,1,0,0,0
900,555,22,5,39,35,0,1,0,0,0
900,556,22,6,44,15,0,1,0,0,0
900,557,22,7,35,15,0,1,0,0,0
900,558,22,8,3,22,0,0,0,0,0
900,559,22,9,32,26,0,0,0,0,0
900,560,22,10,0,33,0,0,0,0,0
900,561,22,11,21,23,0,0,0,0,0
900,562,22,12,20,0,3,0,0,0,0
900,563,22,13,5,15,0,0,0,0,0
900,564,22,14,19,40,0,0,0,0,0
900,565,22,15,24,16,0,0,0,0,0
900,566,22,16,27,27,0,0,0,0,0
900,567,22,17,43,23,0,0,0,0,0
900,568,22,18,50,21,0,0,0,0,0
900,569,22,19,24,16,0,0,0,0,0
900,570,22,20,29,38,0,1,0,0,0
900,571,22,21,32,50,0,0,0,0,0
900,572,22,22,34,47,0,0,0,0,0
900,573,22,23,1,50,0,0,0,0,0
900,574,22,24,30,39,0,0,0,0,0
900,575,23,0,0,31,0,0,0,0,0
900,576,23,1,30,0,0,0,0,0,0
900,577,23,2,47,6,0,0,0,0,0
900,578,23,3,33,2,1,0,0,1,2
900,579,23,4,38,20,0,0,0,0,0
900,580,23,5,26,18,0,0,0,0,0
900,581,23,6,9,0,0,1,0,0,0
900,582,23,7,20,24,0,0,0,0,0
900,583,23,8,8,18,0,0,0,0,0
900,584,23,9,2,3,0,0,0,0,0
900,585,23,10,11,14,0,0,0,0,0
900,586,23,11,35,41,2,0,0,0,0
900,587,23,12,10,18,0,0,0,0,1
900,588,23,13,13,44,1,0,0,0,0
900,589,23,14,13,7,0,0,0,0,0
900,590,23,15,15,36,0,0,0,0,0
900,591,23,16,23,49,1,0,0,0,0
900,592,23,17,23,34,0,1,0,0,0
900,593,23,18,26,38,0,0,0,0,2
900,594,23,19,20,30,0,0,0,0,0
900,595,23,20,0,50,0,0,0,0,0
900,596,23,21,13,35,0,0,0,0,0
900,597,23,22,10,28,0,0,0,0,0
900,598,23,23,45,35,0,0,0,0,0
900,599,23,24,36,33,0,1,0,0,0
900,600,24,0,5,9,0,0,0,0,0
900,601,24,1,8,10,0,0,0,0,0
900,602,24,2,0,3,1,1,0,0,2
900,603,24,3,11,0,0,2,0,0,0
900,604,24,4,13,16,2,3,0,0,2
900,605,24,5,22,19,0,0,0,0,5
900,606,24,6,0,0,2,0,0,0,0
900,607,24,7,0,9,0,0,0,0,0
900,608,24,8,23,40,0,0,0,0,0
900,609,24,9,6,0,0,0,0,0,0
900,610,24,10,36,37,1,0,0,0,0
900,611,24,11,36,24,0,0,0,0,0
900,612,24,12,8,4,0,1,0,0,0
900,613,24,13,1,44,1,0,0,0,0
900,614,24,14,15,43,6,0,0,0,0
900,615,24,15,27,41,0,0,0,0,2
900,616,24,16,0,37,2,0,0,0,1
900,617,24,17,15,37,0,0,0,0,0
900,618,24,18,50,45,0,0,0,0,0
900,619,24,19,29,50,1,0,0,0,0
900,620,24,20,48,1,0,2,0,0,0
900,621,24,21,17,23,4,2,0,0,0
900,622,24,22,1,50,0,0,0,0,0
900,623,24,23,6,35,0,1,0,0,0
900,624,24,24,47,47,0,0,0,0,0
1000,0,0,0,0,0,1,0,0,0,1
1000,1,0,1,10,1,0,1,0,1,1
1000,2,0,2,0,23,1,0,0,0,5
1000,3,0,3,0,3,2,1,0,0,0
1000,4,0,4,2,0,0,0,1,0,1
1000,5,0,5,23,3,0,1,0,0,0
1000,6,0,6,1,0,0,1,0,0,1
1000,7,0,7,16,0,0,0,0,0,2
1000,8,0,8,32,0,0,1,0,0,0
1000,9,0,9,4,2,2,1,0,0,0
1000,10,0,10,0,1,0,5,0,0,3
1000,11,0,11,0,2,1,0,0,0,0
1000,12,0,12,2,10,1,1,0,0,2
1000,13,0,13,0,0,0,1,0,0,1
1000,14,0,14,1,1,1,0,0,0,1
1000,15,0,15,19,29,0,0,0,0,0
1000,16,0,16,23,27,0,1,0,0,0
1000,17,0,17,1,31,0,0,0,0,0
1000,18,0,18,19,10,0,1,0,0,0
1000,19,0,19,6,8,0,2,0,0,0
1000,20,0,20,0,29,0,1,0,0,0
1000,21,0,21,0,12,1,1,0,0,0
1000,22,0,22,4,4,1,1,0,0,0
1000,23,0,23,1,6,1,0,0,0,2
1000,24,0,24,6,0,2,0,0,0,0
1000,25,1,0,0,0,3,0,0,0,2
1000,26,1,1,0,8,2,1,0,0,0
1000,27,1,2,0,25,0,0,0,0,0
1000,28,1,3,1,10,2,0,0,0,0
1000,29,1,4,28,0,2,0,0,0,1
1000,30,1,5,27,8,0,0,0,0,0
1000,31,1,6,0,2,0,0,0,0,0
1000,32,1,7,0,4,4,1,0,0,0
1000,33,1,8,0,25,0,0,0,0,0
1000,34,1,9,0,13,2,1,0,0,0
1000,35,1,10,44,11,0,0,0,0,0
1000,36,1,11,5,28,1,0,0,0,0
1000,37,1,12,2,3,3,2,0,0,0
1000,38,1,13,2,5,5,0,0,0,0
1000,39,1,14,32,1,0,1,0,0,0
1000,40,1,15,0,0,0,0,0,0,0
1000,41,1,16,32,15,1,0,0,0,1
1000,42,1,17,2,9,0,0,0,0,0
1000,43,1,18,9,9,1,2,0,0,0
1000,44,1,19,28,0,1,1,0,0,0
1000,45,1,20,17,23,0,0,0,0,0
1000,46,1,21,22,1,0,0,0,0,0
1000,47,1,22,37,2,0,1,0,0,0
1000,48,1,23,4,32,3,6,0,0,0
1000,49,1,24,8,11,4,4,0,0,0
1000,50,2,0,0,2,3,2,0,0,0
1000,51,2,1,3,20,2,0,0,0,0
1000,52,2,2,12,24,0,0,0,0,0
1000,53,2,3,0,4,1,0,0,1,2
1000,54,2,4,0,0,1,0,0,0,0
1000,55,2,5,10,3,0,0,0,0,0
1000,56,2,6,0,10,0,1,0,0,2
1000,57,2,7,41,29,0,1,0,0,0
1000,58,2,8,21,2,2,0,0,0,0
1000,59,2,9,41,33,0,0,0,0,3
1000,60,2,10,10,11,0,0,0,0,1
1000,61,2,11,33,17,2,0,0,0,0
1000,62,2,12,0,15,1,1,0,0,0
1000,63,2,13,7,30,0,0,0,0,0
1000,64,2,14,24,32,1,0,0,0,0
1000,65,2,15,9,47,1,1,0,0,0
1000,66,2,16,22,18,1,0,0,0,0
1000,67,2,17,5,49,0,0,0,0,0
1000,68,2,18,23,33,0,0,0,0,0
1000,69,2,19,3,19,2,0,0,0,0
1000,70,2,20,19,2,0,0,0,0,0
1000,71,2,21,0,5,1,0,0,0,0
1000,72,2,22,0,49,0,0,0,0,0
1000,73,2,23,12,0,0,0,0,0,0
1000,74,2,24,9,9,1,0,0,0,0
1000,75,3,0,0,0,1,1,0,0,3
1000,76,3,1,0,0,0,1,0,0,0
1000,77,3,2,0,0,0,2,0,0,0
1000,78,3,3,27,33,0,0,0,0,0
1000,79,3,4,3,0,1,2,0,0,0
1000,80,3,5,0,0,0,0,0,0,0
1000,81,3,6,4,6,0,1,0,0,0
1000,82,3,7,1,22,1,0,0,0,0
1000,83,3,8,5,0,0,3,0,0,0
1000,84,3,9,42,13,0,0,0,0,0
1000,85,3,10,15,14,1,1,0,0,0
1000,86,3,11,3,10,0,1,0,0,0
1000,87,3,12,27,22,0,0,0,0,0
1000,88,3,13,23,20,2,0,0,0,0
1000,89,3,14,26,4,1,0,0,0,0
1000,90,3,15,1,34,4,0,0,0,0
1000,91,3,16,37,24,0,2,0,0,0
1000,92,3,17,19,18,0,0,0,0,0
1000,93,3,18,43,0,0,1,0,0,1
1000,94,3,19,35,37,0,1,0,0,0
1000,95,3,20,2,4,2,0,0,0,0
1000,96,3,21,1,22,0,1,0,0,0
1000,97,3,22,32,43,0,0,0,0,0
1000,98,3,23,8,3,2,0,0,0,0
1000,99,3,24,4,4,0,0,0,0,0
1000,100,4,0,0,6,0,0,0,0,0
1000,101,4,1,20,4,0,3,0,0,3
1000,102,4,2,0,16,0,1,0,0,4
1000,103,4,3,17,2,0,0,1,0,2
1000,104,4,4,0,8,0,0,0,0,0
1000,105,4,5,14,1,1,1,0,0,0
1000,106,4,6,0,0,1,0,0,0,0
1000,107,4,7,1,31,1,3,0,0,0
1000,108,4,8,6,17,0,0,0,0,0
1000,109,4,9,25,37,0,0,0,0,0
1000,110,4,10,0,17,5,2,0,0,0
1000,111,4,11,15,24,0,0,0,0,0
1000,112,4,12,45,40,0,0,0,0,0
1000,113,4,13,7,29,0,1,0,0,0
1000,114,4,14,0,33,0,0,0,0,0
1000,115,4,15,28,38,0,0,0,0,0
1000,116,4,16,13,39,1,0,1,0,3
1000,117,4,17,0,16,0,0,0,0,0
1000,118,4,18,6,45,3,0,0,0,0
1000,119,4,19,13,41,0,0,0,0,0
1000,120,4,20,40,41,0,0,0,0,0
1000,121,4,21,12,37,1,1,0,0,0
1000,122,4,22,11,27,0,0,0,0,0
1000,123,4,23,4,11,2,2,0,0,0
1000,124,4,24,18,41,1,3,0,0,0
1000,125,5,0,1,0,1,1,0,0,0
1000,126,5,1,0,23,1,0,0,0,0
1000,127,5,2,21,0,0,3,0,0,0
1000,128,5,3,0,0,0,0,0,0,0
1000,129,5,4,27,2,1,5,0,0,0
1000,130,5,5,0,37,1,1,0,0,0
1000,131,5,6,1,28,1,0,0,0,0
1000,132,5,7,19,38,1,0,0,0,0
1000,133,5,8,0,31,0,2,0,0,0
1000,134,5,9,0,50,1,0,1,0,5
1000,135,5,10,28,49,0,0,0,0,0
1000,136,5,11,8,11,0,1,0,0,0
1000,137,5,12,2,8,0,2,0,0,0
1000,138,5,13,0,37,0,0,0,0,0
1000,139,5,14,18,6,1,1,0,0,0
1000,140,5,15,37,27,0,0,0,0,0
1000,141,5,16,3,0,0,1,0,0,0
1000,142,5,17,35,40,0,0,0,0,0
1000,143,5,18,28,5,0,0,0,0,0
1000,144,5,19,23,0,0,0,0,0,0
1000,145,5,20,42,40,0,0,0,0,1
1000,146,5,21,8,46,0,0,0,0,0
1000,147,5,22,23,28,0,0,0,0,0
1000,148,5,23,11,36,1,0,0,0,0
1000,149,5,24,18,5,0,0,0,0,1
1000,150,6,0,24,14,2,0,1,0,1
1000,151,6,1,29,5,0,3,0,0,0
1000,152,6,2,1,20,1,0,0,0,0
1000,153,6,3,31,12,0,2,0,0,0
1000,154,6,4,0,13,0,0,0,0,0
1000,155,6,5,4,8,0,0,0,1,1
1000,156,6,6,0,9,0,0,0,0,1
1000,157,6,7,11,43,0,0,0,0,2
1000,158,6,8,14,9,0,0,0,0,0
1000,159,6,9,0,47,3,0,0,0,0
1000,160,6,10,10,20,1,2,0,0,0
1000,161,6,11,2,26,0,2,0,0,2
1000,162,6,12,17,37,0,0,0,0,0
1000,163,6,13,50,28,1,2,0,0,0
1000,164,6,14,36,38,1,0,0,0,0
1000,165,6,15,48,25,0,0,0,0,0
1000,166,6,16,3,48,0,0,0,0,0
1000,167,6,17,49,4,0,0,0,0,0
1000,168,6,18,27,9,5,1,0,0,0
1000,169,6,19,25,34,0,0,0,0,0
1000,170,6,20,3,24,3,0,0,0,0
1000,171,6,21,16,5,1,0,0,0,0
1000,172,6,22,6,45,0,0,0,0,0
1000,173,6,23,1,4,0,0,0,0,0
1000,174,6,24,11,37,0,1,0,0,2
1000,175,7,0,0,20,0,2,0,0,0
1000,176,7,1,15,27,0,0,0,0,0
1000,177,7,2,7,28,1,0,0,0,0
1000,178,7,3,1,10,0,2,0,0,1
1000,179,7,4,29,0,2,1,0,0,0
1000,180,7,5,0,24,0,0,0,0,2
1000,181,7,6,28,0,0,1,0,0,2
1000,182,7,7,17,14,0,1,0,0,0
1000,183,7,8,9,27,1,1,0,0,0
1000,184,7,9,15,21,0,2,0,0,0
1000,185,7,10,38,34,0,0,0,0,0
1000,186,7,11,16,17,0,2,0,0,0
1000,187,7,12,30,48,0,0,0,0,0
1000,188,7,13,24,5,0,0,0,0,0
1000,189,7,14,21,29,0,0,0,0,0
1000,190,7,15,31,29,0,0,0,0,0
1000,191,7,16,27,43,0,0,0,0,0
1000,192,7,17,14,23,0,0,0,0,0
1000,193,7,18,0,50,1,0,0,0,0
1000,194,7,19,0,28,0,0,0,0,0
1000,195,7,20,0,15,0,0,0,0,0
1000,196,7,21,42,36,0,0,0,0,0
1000,197,7,22,11,12,4,4,0,0,0
1000,198,7,23,31,39,0,0,0,0,0
1000,199,7,24,7,33,0,0,0,0,0
1000,200,8,0,27,5,0,0,0,0,0
1000,201,8,1,12,7,1,1,0,0,0
1000,202,8,2,3,15,0,0,0,0,0
1000,203,8,3,21,32,0,0,0,0,0
1000,204,8,4,17,40,0,0,0,0,1
1000,205,8,5,23,16,0,0,0,0,0
1000,206,8,6,36,42,0,0,0,0,0
1000,207,8,7,11,23,0,2,0,0,0
1000,208,8,8,40,2,0,1,0,0,0
1000,209,8,9,3,40,2,0,0,0,0
1000,210,8,10,1,16,0,0,0,0,1
1000,211,8,11,31,17,0,1,0,0,0
1000,212,8,12,3,38,3,0,0,0,0
1000,213,8,13,2,24,1,0,0,0,0
1000,214,8,14,22,23,0,0,0,0,0
1000,215,8,15,40,38,0,0,0,0,2
1000,216,8,16,43,34,1,0,0,0,0
1000,217,8,17,7,3,0,4,0,0,0
1000,218,8,18,43,27,0,0,0,0,0
1000,219,8,19,41,15,0,1,0,0,0
1000,220,8,20,3,38,0,0,0,0,0
1000,221,8,21,26,50,0,0,0,0,0
1000,222,8,22,5,28,0,0,0,0,0
1000,223,8,23,9,22,0,0,0,0,1
1000,224,8,24,8,33,0,0,0,0,0
1000,225,9,0,0,1,4,4,0,0,3
1000,226,9,1,4,7,0,0,0,0,0
1000,227,9,2,18,32,0,1,0,0,1
1000,228,9,3,27,4,0,0,0,0,0
1000,229,9,4,1,37,0,0,0,0,2
1000,230,9,5,2,4,0,4,0,0,0
1000,231,9,6,20,4,1,0,0,0,1
1000,232,9,7,0,20,0,0,0,0,0
1000,233,9,8,1,10,0,0,0,0,0
1000,234,9,9,47,12,0,3,0,0,0
1000,235,9,10,29,34,0,0,0,0,0
1000,236,9,11,48,41,0,0,0,0,0
1000,237,9,12,16,8,0,1,0,0,0
1000,238,9,13,3,38,0,1,0,0,0
1000,239,9,14,7,28,0,0,0,0,1
1000,240,9,15,5,38,6,0,0,0,0
1000,241,9,16,30,24,0,0,0,0,0
1000,242,9,17,24,36,1,0,0,0,1
1000,243,9,18,20,33,0,2,0,0,0
1000,244,9,19,11,38,0,0,0,0,0
1000,245,9,20,0,29,0,0,0,0,0
1000,246,9,21,17,12,0,1,0,0,0
1000,247,9,22,33,8,0,0,0,0,0
1000,248,9,23,15,5,0,0,0,0,0
1000,249,9,24,2,40,3,0,0,0,0
1000,250,10,0,2,5,6,0,0,0,0
1000,251,10,1,11,37,1,0,0,0,0
1000,252,10,2,0,19,0,0,0,0,0
1000,253,10,3,15,17,2,0,0,0,1
1000,254,10,4,19,5,0,0,0,0,0
1000,255,10,5,12,24,0,2,0,0,1
1000,256,10,6,6,36,1,0,0,0,1
1000,257,10,7,50,30,0,0,0,0,4
1000,258,10,8,26,1,0,0,0,0,0
1000,259,10,9,34,13,0,0,0,0,0
1000,260,10,10,32,29,0,0,0,0,0
1000,261,10,11,15,11,0,2,0,0,0
1000,262,10,12,3,28,2,0,0,0,2
1000,263,10,13,8,14,1,1,0,0,1
1000,264,10,14,2,39,0,0,0,0,0
1000,265,10,15,32,33,0,0,1,0,2
1000,266,10,16,18,9,0,0,0,0,0
1000,267,10,17,37,36,0,0,0,0,0
1000,268,10,18,43,30,0,0,0,0,0
1000,269,10,19,12,50,0,0,0,0,0
1000,270,10,20,50,20,0,0,0,0,1
1000,271,10,21,29,45,0,0,1,0,1
1000,272,10,22,20,32,1,0,0,0,0
1000,273,10,23,50,42,0,0,0,0,0
1000,274,10,24,19,20,0,0,0,0,0
1000,275,11,0,30,2,0,0,0,0,0
1000,276,11,1,50,1,0,0,0,0,0
1000,277,11,2,1,7,0,0,0,0,1
1000,278,11,3,25,0,0,4,0,0,0
1000,279,11,4,22,4,0,3,0,0,0
1000,280,11,5,39,1,0,1,0,0,0
1000,281,11,6,25,4,2,0,0,0,0
1000,282,11,7,35,0,0,1,0,0,0
1000,283,11,8,14,0,1,1,0,0,0
1000,284,11,9,36,13,0,1,0,0,0
1000,285,11,10,23,35,0,0,0,0,0
1000,286,11,11,42,28,0,1,0,0,0
1000,287,11,12,24,7,0,0,0,0,1
1000,288,11,13,36,49,2,0,0,0,0
1000,289,11,14,0,36,4,0,0,0,0
1000,290,11,15,43,46,0,0,0,0,1
1000,291,11,16,35,23,0,0,0,0,0
1000,292,11,17,33,28,0,0,0,0,0
1000,293,11,18,47,49,0,0,0,0,0
1000,294,11,19,1,39,1,0,0,0,0
1000,295,11,20,36,2,0,0,0,0,0
1000,296,11,21,24,46,1,1,0,0,0
1000,297,11,22,31,48,0,0,0,0,0
1000,298,11,23,11,22,3,0,0,0,0
1000,299,11,24,38,2,0,0,0,0,0
1000,300,12,0,8,1,1,1,0,0,1
1000,301,12,1,16,4,0,0,0,0,1
1000,302,12,2,25,2,2,5,0,0,1
1000,303,12,3,15,1,0,0,0,0,0
1000,304,12,4,1,20,2,0,0,0,0
1000,305,12,5,0,3,0,0,0,0,1
1000,306,12,6,19,1,0,0,0,0,0
1000,307,12,7,0,17,0,0,0,0,1
1000,308,12,8,35,22,0,0,0,0,0
1000,309,12,9,6,16,1,0,0,0,1
1000,310,12,10,28,23,0,0,0,0,0
1000,311,12,11,26,0,1,0,0,0,1
1000,312,12,12,23,9,2,0,0,0,0
1000,313,12,13,50,2,0,1,0,0,0
1000,314,12,14,14,8,4,1,0,0,0
1000,315,12,15,10,28,0,0,0,0,0
1000,316,12,16,1,45,0,0,0,0,0
1000,317,12,17,40,5,1,0,0,0,0
1000,318,12,18,1,5,0,2,0,0,0
1000,319,12,19,37,31,0,0,0,1,1
1000,320,12,20,0,24,0,0,0,0,0
1000,321,12,21,10,50,0,0,0,0,0
1000,322,12,22,50,19,0,0,0,0,1
1000,323,12,23,39,8,0,1,0,0,0
1000,324,12,24,33,11,0,0,0,0,0
1000,325,13,0,0,0,1,0,0,0,0
1000,326,13,1,24,3,1,3,0,0,0
1000,327,13,2,21,18,0,0,0,0,0
1000,328,13,3,26,1,0,0,0,0,0
1000,329,13,4,30,5,0,1,0,0,0
1000,330,13,5,45,15,0,0,0,0,0
1000,331,13,6,35,1,0,0,0,0,1
1000,332,13,7,21,7,0,0,0,0,0
1000,333,13,8,41,30,0,0,0,0,0
1000,334,13,9,50,7,0,0,0,0,0
1000,335,13,10,27,19,1,0,0,0,0
1000,336,13,11,17,3,1,1,0,0,0
1000,337,13,12,19,29,3,1,0,0,1
1000,338,13,13,5,10,0,0,0,0,0
1000,339,13,14,47,0,0,0,0,1,2
1000,340,13,15,33,36,0,0,0,1,3
1000,341,13,16,17,43,0,0,0,0,0
1000,342,13,17,40,25,0,0,0,0,0
1000,343,13,18,22,10,1,1,0,0,0
1000,344,13,19,35,50,0,0,0,0,1
1000,345,13,20,25,50,0,0,0,0,0
1000,346,13,21,18,11,2,6,0,0,0
1000,347,13,22,43,36,0,2,0,0,0
1000,348,13,23,40,8,0,0,0,0,1
1000,349,13,24,15,39,0,0,0,0,0
1000,350,14,0,11,13,0,0,0,0,1
1000,351,14,1,16,35,0,0,0,0,0
1000,352,14,2,47,38,0,0,0,0,0
1000,353,14,3,0,1,0,0,0,0,0
1000,354,14,4,28,29,1,0,0,0,0
1000,355,14,5,26,0,1,0,0,0,0
1000,356,14,6,26,0,0,1,0,0,0
1000,357,14,7,23,48,0,0,0,0,0
1000,358,14,8,50,20,0,0,0,0,0
1000,359,14,9,0,40,0,0,0,0,0
1000,360,14,10,4,22,3,0,0,0,1
1000,361,14,11,37,3,0,3,0,0,1
1000,362,14,12,7,36,0,0,0,0,0
1000,363,14,13,24,31,4,0,0,0,0
1000,364,14,14,17,16,0,1,0,0,2
1000,365,14,15,38,35,0,0,0,0,0
1000,366,14,16,18,36,1,0,0,0,0
1000,367,14,17,9,34,0,1,0,0,0
1000,368,14,18,6,36,0,0,0,0,0
1000,369,14,19,0,16,0,0,0,0,0
1000,370,14,20,9,33,0,0,0,0,1
1000,371,14,21,35,22,0,0,0,0,0
1000,372,14,22,25,39,2,0,0,0,0
1000,373,14,23,28,42,0,0,0,0,0
1000,374,14,24,3,32,0,0,0,0,0
1000,375,15,0,10,4,0,0,0,0,0
1000,376,15,1,9,3,0,0,0,0,0
1000,377,15,2,22,4,2,1,0,0,0
1000,378,15,3,34,0,0,2,0,0,0
1000,379,15,4,21,1,1,1,0,0,0
1000,380,15,5,14,4,0,1,0,0,0
1000,381,15,6,8,21,0,1,0,0,1
1000,382,15,7,6,20,3,1,0,0,0
1000,383,15,8,5,31,1,0,1,0,1
1000,384,15,9,38,35,0,0,0,0,0
1000,385,15,10,8,37,1,0,0,0,0
1000,386,15,11,23,32,0,0,0,0,4
1000,387,15,12,40,21,0,0,0,0,0
1000,388,15,13,18,31,0,2,0,0,0
1000,389,15,14,27,18,0,0,0,0,0
1000,390,15,15,44,0,0,4,0,0,0
1000,391,15,16,29,32,0,0,0,0,0
1000,392,15,17,32,34,0,0,0,0,0
1000,393,15,18,27,26,0,0,0,0,0
1000,394,15,19,0,33,0,1,0,0,2
1000,395,15,20,5,40,1,0,0,0,0
1000,396,15,21,9,23,1,0,0,0,0
1000,397,15,22,5,35,1,0,0,0,0
1000,398,15,23,11,37,0,0,0,0,0
1000,399,15,24,7,19,1,1,0,0,0
1000,400,16,0,2,3,0,0,0,0,0
1000,401,16,1,36,24,0,0,0,0,0
1000,402,16,2,6,23,1,3,0,0,0
1000,403,16,3,36,26,0,4,0,0,0
1000,404,16,4,33,19,0,1,0,0,0
1000,405,16,5,39,1,5,0,0,0,0
1000,406,16,6,21,12,0,0,0,0,1
1000,407,16,7,39,18,0,4,0,0,0
1000,408,16,8,26,1,1,0,0,0,0
1000,409,16,9,6,25,1,0,0,0,0
1000,410,16,10,13,22,4,0,0,0,1
1000,411,16,11,45,1,0,0,0,0,0
1000,412,16,12,19,12,0,0,0,0,0
1000,413,16,13,15,4,1,0,0,0,0
1000,414,16,14,21,24,0,0,0,0,0
1000,415,16,15,43,43,0,0,0,0,1
1000,416,16,16,1,15,1,0,0,0,0
1000,417,16,17,9,13,2,1,0,0,0
1000,418,16,18,26,50,0,0,0,0,0
1000,419,16,19,22,9,0,0,0,0,0
1000,420,16,20,5,12,0,0,0,0,0
1000,421,16,21,45,44,0,1,0,0,0
1000,422,16,22,0,26,1,0,0,0,0
1000,423,16,23,49,0,0,2,0,0,0
1000,424,16,24,33,15,0,0,0,0,0
1000,425,17,0,23,36,0,0,0,0,2
1000,426,17,1,14,0,0,0,0,0,0
1000,427,17,2,44,0,0,1,0,0,0
1000,428,17,3,26,1,0,0,0,0,1
1000,429,17,4,15,46,2,0,0,0,0
1000,430,17,5,1,17,0,0,0,0,1
1000,431,17,6,28,9,1,0,0,0,0
1000,432,17,7,3,0,0,0,0,0,0
1000,433,17,8,50,9,0,0,0,0,0
1000,434,17,9,27,26,0,0,0,0,0
1000,435,17,10,36,42,0,0,0,0,0
1000,436,17,11,38,5,0,0,0,0,1
1000,437,17,12,0,22,1,3,0,0,4
1000,438,17,13,38,3,0,2,0,0,0
1000,439,17,14,45,13,0,0,0,0,1
1000,440,17,15,22,16,0,0,0,0,0
1000,441,17,16,31,28,0,2,0,0,0
1000,442,17,17,12,49,0,0,0,0,0
1000,443,17,18,0,24,1,0,0,0,0
1000,444,17,19,33,43,0,0,0,0,0
1000,445,17,20,6,45,0,0,0,0,0
1000,446,17,21,32,48,0,0,0,0,0
1000,447,17,22,4,16,1,0,0,0,0
1000,448,17,23,0,5,1,3,0,0,0
1000,449,17,24,45,16,0,0,0,0,0
1000,450,18,0,0,1,0,0,0,0,0
1000,451,18,1,29,46,0,0,0,0,2
1000,452,18,2,6,22,0,0,0,0,0
1000,453,18,3,17,39,0,0,0,0,0
1000,454,18,4,20,2,2,0,0,0,0
1000,455,18,5,21,2,0,1,0,0,0
1000,456,18,6,35,7,0,1,0,0,0
1000,457,18,7,13,34,0,0,0,0,1
1000,458,18,8,12,20,0,0,0,0,0
1000,459,18,9,29,26,0,1,0,0,0
1000,460,18,10,35,33,0,1,0,0,0
1000,461,18,11,15,21,0,0,0,0,0
1000,462,18,12,22,4,0,1,0,0,0
1000,463,18,13,30,41,1,1,0,0,0
1000,464,18,14,49,36,0,0,0,0,0
1000,465,18,15,42,7,0,0,0,0,0
1000,466,18,16,44,1,0,1,0,0,0
1000,467,18,17,38,19,0,0,0,0,0
1000,468,18,18,37,49,0,0,0,0,0
1000,469,18,19,33,32,0,1,0,0,0
1000,470,18,20,30,16,0,1,0,0,0
1000,471,18,21,20,11,0,2,0,0,0
1000,472,18,22,22,23,0,0,0,0,0
1000,473,18,23,13,17,0,0,0,0,0
1000,474,18,24,50,13,0,0,0,0,0
1000,475,19,0,3,0,0,0,0,0,0
1000,476,19,1,29,12,0,0,0,0,0
1000,477,19,2,37,0,0,2,0,0,0
1000,478,19,3,29,5,0,1,0,0,0
1000,479,19,4,43,4,0,2,0,0,0
1000,480,19,5,0,1,0,0,0,0,0
1000,481,19,6,32,0,0,0,0,0,0
1000,482,19,7,13,1,1,0,0,0,1
1000,483,19,8,35,0,0,0,0,0,0
1000,484,19,9,20,2,3,0,0,0,0
1000,485,19,10,29,19,0,4,0,0,0
1000,486,19,11,45,12,0,0,0,0,0
1000,487,19,12,46,3,0,1,0,0,1
1000,488,19,13,20,10,0,0,0,0,0
1000,489,19,14,41,16,0,0,0,0,0
1000,490,19,15,39,12,0,2,0,0,1
1000,491,19,16,41,39,0,0,0,0,0
1000,492,19,17,36,23,0,0,0,0,1
1000,493,19,18,44,17,1,3,0,0,0
1000,494,19,19,7,26,2,0,0,0,0
1000,495,19,20,49,28,1,0,0,0,0
1000,496,19,21,1,37,0,0,0,0,0
1000,497,19,22,48,41,0,0,0,0,0
1000,498,19,23,5,7,3,0,0,0,0
1000,499,19,24,33,0,0,0,0,0,0
1000,500,20,0,20,0,0,0,0,0,0
1000,501,20,1,34,35,0,0,0,0,0
1000,502,20,2,6,13,0,0,0,0,0
1000,503,20,3,9,1,1,0,0,0,0
1000,504,20,4,17,3,0,0,0,0,0
1000,505,20,5,27,38,1,0,0,0,0
1000,506,20,6,10,31,4,0,0,0,0
1000,507,20,7,7,23,0,0,0,0,0
1000,508,20,8,50,1,0,0,0,0,0
1000,509,20,9,32,19,0,0,0,0,0
1000,510,20,10,36,16,0,0,0,0,0
1000,511,20,11,50,31,0,0,0,0,0
1000,512,20,12,45,37,0,0,0,0,0
1000,513,20,13,28,0,0,3,0,0,0
1000,514,20,14,32,13,0,0,0,0,0
1000,515,20,15,27,4,0,0,0,0,0
1000,516,20,16,50,32,0,0,0,0,1
1000,517,20,17,35,35,0,2,0,0,0
1000,518,20,18,31,30,1,1,0,0,0
1000,519,20,19,34,50,0,0,0,0,0
1000,520,20,20,23,50,2,0,0,0,0
1000,521,20,21,17,50,0,0,0,0,0
1000,522,20,22,31,24,1,0,0,0,0
1000,523,20,23,47,20,0,2,0,0,0
1000,524,20,24,28,43,0,0,0,0,0
1000,525,21,0,14,35,0,0,0,0,0
1000,526,21,1,45,39,0,4,0,0,2
1000,527,21,2,11,44,0,0,0,0,0
1000,528,21,3,11,36,0,0,0,0,0
1000,529,21,4,45,27,0,0,0,0,1
1000,530,21,5,25,11,0,4,0,0,0
1000,531,21,6,25,21,3,0,0,0,0
1000,532,21,7,39,36,0,0,0,0,0
1000,533,21,8,11,32,1,0,0,0,0
1000,534,21,9,49,1,1,0,0,0,0
1000,535,21,10,35,15,0,1,0,0,0
1000,536,21,11,37,42,0,0,0,0,0
1000,537,21,12,38,49,0,0,0,0,0
1000,538,21,13,25,32,0,1,0,0,0
1000,539,21,14,24,10,1,2,0,0,1
1000,540,21,15,40,27,0,0,0,0,1
1000,541,21,16,33,0,1,2,0,0,0
1000,542,21,17,34,11,0,0,0,0,0
1000,543,21,18,27,27,0,3,0,0,0
1000,544,21,19,36,18,0,0,0,0,0
1000,545,21,20,50,50,0,0,0,0,2
1000,546,21,21,27,50,1,0,0,0,0
1000,547,21,22,0,41,0,0,0,0,0
1000,548,21,23,11,37,0,0,0,0,0
1000,549,21,24,37,0,0,2,0,0,2
1000,550,22,0,21,6,1,0,0,0,0
1000,551,22,1,14,8,0,0,0,0,0
1000,552,22,2,41,20,0,0,0,0,0
1000,553,22,3,23,21,2,0,0,0,0
1000,554,22,4,11,21,0,1,0,0,0
1000,555,22,5,38,36,0,0,0,0,0
1000,556,22,6,5,25,0,1,0,0,0
1000,557,22,7,38,16,0,1,0,0,0
1000,558,22,8,35,27,2,0,0,0,0
1000,559,22,9,40,19,1,0,0,0,0
1000,560,22,10,36,5,0,1,0,0,0
1000,561,22,11,24,41,0,0,0,0,0
1000,562,22,12,31,17,0,0,0,0,1
1000,563,22,13,35,36,0,0,0,0,1
1000,564,22,14,50,32,0,0,0,0,0
1000,565,22,15,49,36,0,6,0,0,0
1000,566,22,16,38,32,0,2,0,0,0
1000,567,22,17,21,33,1,0,0,0,0
1000,568,22,18,35,50,0,0,0,0,0
1000,569,22,19,9,27,0,1,0,0,0
1000,570,22,20,40,16,1,0,0,0,0
1000,571,22,21,33,50,0,0,0,0,0
1000,572,22,22,36,43,0,1,0,0,0
1000,573,22,23,4,41,1,0,0,0,0
1000,574,22,24,39,21,1,1,0,0,0
1000,575,23,0,16,6,0,2,0,0,0
1000,576,23,1,5,28,0,0,0,0,0
1000,577,23,2,29,25,2,1,0,0,0
1000,578,23,3,6,30,2,0,0,0,0
1000,579,23,4,27,15,1,4,0,0,3
1000,580,23,5,39,28,1,0,0,0,0
1000,581,23,6,27,23,1,0,0,0,0
1000,582,23,7,21,19,0,0,0,0,0
1000,583,23,8,44,0,1,0,0,0,0
1000,584,23,9,33,15,0,0,0,0,1
1000,585,23,10,45,19,0,0,0,0,0
1000,586,23,11,3,24,0,0,0,0,0
1000,587,23,12,19,10,4,0,0,0,0
1000,588,23,13,0,23,0,0,0,0,0
1000,589,23,14,18,9,2,0,0,0,0
1000,590,23,15,42,5,0,1,0,0,0
1000,591,23,16,34,18,1,0,0,1,2
1000,592,23,17,38,0,0,0,0,0,0
1000,593,23,18,30,45,0,1,0,0,0
1000,594,23,19,42,27,0,0,0,0,0
1000,595,23,20,50,37,0,0,0,0,0
1000,596,23,21,35,42,0,0,0,0,0
1000,597,23,22,30,31,0,0,0,0,0
1000,598,23,23,44,35,0,0,0,0,0
1000,599,23,24,31,28,0,1,0,0,0
1000,600,24,0,0,0,1,0,0,0,1
1000,601,24,1,19,9,0,3,0,0,1
1000,602,24,2,29,32,0,0,0,0,0
1000,603,24,3,24,32,0,1,0,0,2
1000,604,24,4,0,3,1,0,0,0,0
1000,605,24,5,22,8,0,0,0,0,0
1000,606,24,6,27,35,0,0,0,0,1
1000,607,24,7,29,0,0,0,0,0,0
1000,608,24,8,0,10,1,0,0,0,0
1000,609,24,9,25,13,1,0,0,0,1
1000,610,24,10,50,35,0,0,0,0,0
1000,611,24,11,21,7,0,0,0,0,0
1000,612,24,12,28,38,0,0,0,0,2
1000,613,24,13,18,10,0,0,0,0,0
1000,614,24,14,23,26,0,0,0,0,0
1000,615,24,15,48,26,0,1,0,0,0
1000,616,24,16,35,0,0,0,0,0,0
1000,617,24,17,44,30,0,1,0,0,0
1000,618,24,18,0,3,0,4,0,0,0
1000,619,24,19,30,4,0,0,0,0,0
1000,620,24,20,4,48,0,0,0,0,0
1000,621,24,21,36,43,0,0,0,0,0
1000,622,24,22,50,20,0,0,0,0,0
1000,623,24,23,23,22,1,0,0,0,0
1000,624,24,24,24,23,1,0,0,0,0
